   Forward:	Score: 141.000000  Q:2 to 19  R:3757 to 3779 Align Len (18) (72.22%) (77.78%)

   Query:    3' uggaUUAUAUAGU-UUGUAUAGu 5'

   Ref:      5' ctggAATAACTGACAACATATTc 3'

   Energy:  -7.400000 kCal/Mol

