   Forward:	Score: 142.000000  Q:2 to 21  R:6961 to 6981 Align Len (19) (73.68%) (89.47%)

   Query:    3' ggGUUGUUGUCCUUUGAUGGAu 5'

   Ref:      5' tgCAATAA-GGGAGACTTCCTt 3'

   Energy:  -21.450001 kCal/Mol

