   Forward:	Score: 155.000000  Q:2 to 22  R:4090 to 4111 Align Len (20) (70.00%) (75.00%)

   Query:    3' gaUGGACGUGAUAUUCGUGAAAu 5'

   Ref:      5' acACCT-TAATCCCAGCACTTTg 3'

   Energy:  -15.730000 kCal/Mol

