   Forward:	Score: 141.000000  Q:2 to 10  R:610 to 631 Align Len (8) (87.50%) (100.00%)

   Query:    3' ugacccugaaacaUCCGGUCAa 5'

   Ref:      5' gcacttcactcaaGGGCCAGTg 3'

   Energy:  -15.300000 kCal/Mol

