   Forward:	Score: 149.000000  Q:2 to 22  R:1995 to 2017 Align Len (20) (60.00%) (85.00%)

   Query:    3' gaUAGACGUGAUCUACGUGGAAu 5'

   Ref:      5' cgATTTGCCTTGTGAGCACTTTc 3'

   Energy:  -16.799999 kCal/Mol

