   Forward:	Score: 143.000000  Q:2 to 16  R:812 to 829 Align Len (14) (78.57%) (78.57%)

   Query:    3' cgccuuGAAUCGGUGACACUu 5'

   Ref:      5' ctcttcCTTA---ACTGTGAc 3'

   Energy:  -10.220000 kCal/Mol

