   Forward:	Score: 144.000000  Q:3 to 17  R:2441 to 2462 Align Len (14) (85.71%) (85.71%)

   Query:    3' uugacaUGUUUGAUGAUGGAgu 5'

   Ref:      5' cgtttaACACCCTACTACCTga 3'

   Energy:  -17.510000 kCal/Mol

