   Forward:	Score: 150.000000  Q:2 to 19  R:678 to 695 Align Len (17) (76.47%) (82.35%)

   Query:    3' cgUUACGUUGUCGUUACGUg 5'

   Ref:      5' ctGATTCAA-A-CAATGCAc 3'

   Energy:  -13.370000 kCal/Mol

