   Forward:	Score: 147.000000  Q:3 to 20  R:1084 to 1106 Align Len (17) (70.59%) (88.24%)

   Query:    3' uuguGACUAAAGUUUACCACGau 5'

   Ref:      5' caatTTAATTTCTGGTGGTGCag 3'

   Energy:  -14.940000 kCal/Mol

