   Forward:	Score: 141.000000  Q:3 to 18  R:2414 to 2432 Align Len (15) (80.00%) (80.00%)

   Query:    3' agGAGAGUUGGGUCGAAaa 5'

   Ref:      5' gcCACTGCACCCAGCTTca 3'

   Energy:  -20.440001 kCal/Mol

