   Forward:	Score: 161.000000  Q:2 to 18  R:3775 to 3796 Align Len (16) (81.25%) (81.25%)

   Query:    3' gucgaCCAACUUCCCCUGGUUu 5'

   Ref:      5' tcaaaGGTTAATGTGGACCAAa 3'

   Energy:  -17.549999 kCal/Mol

