   Forward:	Score: 141.000000  Q:2 to 22  R:1331 to 1353 Align Len (20) (60.00%) (75.00%)

   Query:    3' gaUGGACGUGACAUUCGUGAAAa 5'

   Ref:      5' gaGCCACCATGGCTAGCATTTTt 3'

   Energy:  -14.450000 kCal/Mol

