   Forward:	Score: 161.000000  Q:2 to 18  R:588 to 609 Align Len (16) (87.50%) (93.75%)

   Query:    3' aguguAAACGGACGUCUCUAAa 5'

   Ref:      5' atgatTTTTCCTGCAGGGATTc 3'

   Energy:  -20.840000 kCal/Mol

