   Forward:	Score: 166.000000  Q:2 to 22  R:1219 to 1239 Align Len (20) (75.00%) (85.00%)

   Query:    3' ugUGGGGUUUUAGCUUCGUGAAg 5'

   Ref:      5' aaAGCCTAAGATC--AGCACTTg 3'

   Energy:  -20.030001 kCal/Mol

