   Forward:	Score: 151.000000  Q:2 to 21  R:1731 to 1754 Align Len (21) (61.90%) (76.19%)

   Query:    3' ugGUCGAUUGUUAU--GUGACGGu 5'

   Ref:      5' tcTAGTCAAGGAGAATCACTGCCc 3'

   Energy:  -18.260000 kCal/Mol

