   Forward:	Score: 145.000000  Q:3 to 20  R:1119 to 1138 Align Len (17) (82.35%) (82.35%)

   Query:    3' cgCCUUGAAUCGGUGACACuu 5'

   Ref:      5' taGGCA-TGAGCCACTGTGcc 3'

   Energy:  -20.910000 kCal/Mol

