   Forward:	Score: 140.000000  Q:3 to 20  R:1119 to 1138 Align Len (17) (76.47%) (82.35%)

   Query:    3' uggUCGAUUGUUAUGUGACGgu 5'

   Ref:      5' ggaAGTTAAC--TTCACTGCaa 3'

   Energy:  -17.940001 kCal/Mol

