   Forward:	Score: 151.000000  Q:2 to 20  R:289 to 307 Align Len (18) (77.78%) (77.78%)

   Query:    3' ggAAGACUGAGGAUCAGGUCa 5'

   Ref:      5' atTCCTCAC-CC-AGTCCAGg 3'

   Energy:  -18.490000 kCal/Mol

