   Forward:	Score: 146.000000  Q:2 to 12  R:1428 to 1451 Align Len (11) (90.91%) (90.91%)

   Query:    3' uguaaaaagcaaUA-ACGAGAACu 5'

   Ref:      5' ggagagagaggaATGTGCTCTTGt 3'

   Energy:  -12.950000 kCal/Mol

