   Forward:	Score: 153.000000  Q:2 to 22  R:4243 to 4267 Align Len (23) (78.26%) (82.61%)

   Query:    3' agUC-AAAA--CGUACCUAAACGUGu 5'

   Ref:      5' acAGCTTTTGAGCAT-GATTTGCATc 3'

   Energy:  -19.490000 kCal/Mol

