   Forward:	Score: 144.000000  Q:2 to 21  R:648 to 669 Align Len (19) (63.16%) (78.95%)

   Query:    3' aaCCGUAAGUGGCGCACGGAAu 5'

   Ref:      5' tgGCCAGTCTCTATGTGTCTTa 3'

   Energy:  -21.360001 kCal/Mol

