   Forward:	Score: 156.000000  Q:2 to 18  R:2677 to 2701 Align Len (19) (73.68%) (78.95%)

   Query:    3' acacaGUCAAAGUG---GGACGACg 5'

   Ref:      5' gacccCAATTTTACTCTCCTGCTGt 3'

   Energy:  -17.580000 kCal/Mol

