   Forward:	Score: 168.000000  Q:2 to 21  R:372 to 394 Align Len (19) (73.68%) (84.21%)

   Query:    3' ucuCCGUCCGUACGCCCGUCUGu 5'

   Ref:      5' catGCCAGGTGTGGTGGCAGACa 3'

   Energy:  -26.799999 kCal/Mol

