   Forward:	Score: 152.000000  Q:3 to 17  R:2441 to 2462 Align Len (14) (92.86%) (92.86%)

   Query:    3' uugguaUGUUGGAUGAUGGAgu 5'

   Ref:      5' cgtttaACACCCTACTACCTga 3'

   Energy:  -21.830000 kCal/Mol

