   Forward:	Score: 148.000000  Q:2 to 19  R:781 to 800 Align Len (17) (76.47%) (88.24%)

   Query:    3' uacAGAUUAAACUCGUGGAAa 5'

   Ref:      5' tttTTTAA-TTCAGCACTTTt 3'

   Energy:  -13.170000 kCal/Mol

