   Forward:	Score: 148.000000  Q:2 to 17  R:783 to 802 Align Len (15) (66.67%) (80.00%)

   Query:    3' ucacGGGGGUGUCAAACUCa 5'

   Ref:      5' aagtTCTGGAGAGTTTGAGc 3'

   Energy:  -16.170000 kCal/Mol

