   Forward:	Score: 167.000000  Q:3 to 20  R:1296 to 1318 Align Len (17) (88.24%) (100.00%)

   Query:    3' gaugGACGUGAUAUUCGUGAAau 5'

   Ref:      5' tctaCTGCATTATGAGCACTTaa 3'

   Energy:  -28.889999 kCal/Mol

