   Forward:	Score: 151.000000  Q:2 to 21  R:1406 to 1424 Align Len (19) (73.68%) (78.95%)

   Query:    3' guGAAUAGUCCAACAUAAUAUu 5'

   Ref:      5' acCTTG-CAGCT--TATTATAg 3'

   Energy:  -10.260000 kCal/Mol

