   Forward:	Score: 148.000000  Q:2 to 19  R:323 to 343 Align Len (17) (76.47%) (88.24%)

   Query:    3' gaagGUCAGCUCCUACAAAUGu 5'

   Ref:      5' ctggCACTC-AGGGTGTTTGCa 3'

   Energy:  -21.090000 kCal/Mol

