   Forward:	Score: 146.000000  Q:2 to 21  R:1918 to 1942 Align Len (22) (72.73%) (77.27%)

   Query:    3' acAUUUG--GUACUA-CACGACGAu 5'

   Ref:      5' ttTAAACTTCATTATATTGCTGTTg 3'

   Energy:  -11.920000 kCal/Mol

