   Forward:	Score: 148.000000  Q:3 to 17  R:1075 to 1096 Align Len (14) (85.71%) (92.86%)

   Query:    3' auuggcUAAAGUCUACCACGau 5'

   Ref:      5' aatttaATTTCTGGTGGTGCag 3'

   Energy:  -18.219999 kCal/Mol

