   Forward:	Score: 141.000000  Q:2 to 19  R:4063 to 4086 Align Len (19) (68.42%) (78.95%)

   Query:    3' gcggUUAU--AAAUGCACGACGAu 5'

   Ref:      5' aaggAATAGCATGATGTGCTGTTa 3'

   Energy:  -17.770000 kCal/Mol

