   Forward:	Score: 167.000000  Q:2 to 20  R:7347 to 7367 Align Len (18) (77.78%) (83.33%)

   Query:    3' uaGACGUGACAGUCGUGAAAu 5'

   Ref:      5' gcCTGTAATCCCAGCACTTTg 3'

   Energy:  -20.770000 kCal/Mol

