   Forward:	Score: 151.000000  Q:2 to 20  R:162 to 182 Align Len (18) (72.22%) (83.33%)

   Query:    3' ccUUUAGGGACCGUUACACUa 5'

   Ref:      5' caAATTTCCTGAAAGTGTGAc 3'

   Energy:  -17.090000 kCal/Mol

