   Forward:	Score: 151.000000  Q:2 to 21  R:2092 to 2114 Align Len (20) (65.00%) (75.00%)

   Query:    3' ugUGGUCA-UAAAGACUUUAGGa 5'

   Ref:      5' aaGTCAGTGACTAGGGAAATCCc 3'

   Energy:  -16.360001 kCal/Mol

