   Forward:	Score: 140.000000  Q:2 to 9  R:1094 to 1115 Align Len (7) (100.00%) (100.00%)

   Query:    3' aguguucaaucccaGAGUCCCu 5'

   Ref:      5' cagccccgtgtctcCTCAGGGt 3'

   Energy:  -14.830000 kCal/Mol

