   Forward:	Score: 148.000000  Q:2 to 21  R:3881 to 3902 Align Len (19) (63.16%) (68.42%)

   Query:    3' gcUUCCGUUGUGCCUAUUGGAu 5'

   Ref:      5' agAACCAGAAAAGTATAACCTa 3'

   Energy:  -12.270000 kCal/Mol

