   Forward:	Score: 145.000000  Q:2 to 14  R:3804 to 3820 Align Len (12) (83.33%) (100.00%)

   Query:    3' guggACUUAAUGAACUu 5'

   Ref:      5' gcagTGGATTGCTTGAg 3'

   Energy:  -16.760000 kCal/Mol

