   Forward:	Score: 148.000000  Q:3 to 21  R:6554 to 6574 Align Len (19) (84.21%) (84.21%)

   Query:    3' gaCA-AGGACGACUUGACUCGgu 5'

   Ref:      5' atGTATCCTG--GAACTGAGCat 3'

   Energy:  -24.910000 kCal/Mol

