   Forward:	Score: 142.000000  Q:2 to 20  R:386 to 407 Align Len (19) (68.42%) (78.95%)

   Query:    3' uaGAC-GUGACAGUCGUGAAAu 5'

   Ref:      5' ctTTGACTCTATGAGTACTTTc 3'

   Energy:  -12.340000 kCal/Mol

