   Forward:	Score: 152.000000  Q:2 to 13  R:453 to 475 Align Len (11) (90.91%) (90.91%)

   Query:    3' gauggacgugcUUGUCGUGAAAc 5'

   Ref:      5' tatgtaaagtaATCAGCACTTTc 3'

   Energy:  -14.440000 kCal/Mol

