   Forward:	Score: 144.000000  Q:2 to 20  R:3044 to 3067 Align Len (21) (71.43%) (80.95%)

   Query:    3' uguUUCAAGACAUC---ACGUGACu 5'

   Ref:      5' actAGGTTCTG-AGCCCTGTACTGa 3'

   Energy:  -22.420000 kCal/Mol

