   Forward:	Score: 153.000000  Q:2 to 22  R:124 to 146 Align Len (20) (70.00%) (80.00%)

   Query:    3' ucCCUAAGGACCCUUUUGACCUg 5'

   Ref:      5' tgGGAGCCGGGGGAGAGCTGGAa 3'

   Energy:  -32.070000 kCal/Mol

