   Forward:	Score: 140.000000  Q:2 to 21  R:1990 to 2011 Align Len (19) (57.89%) (78.95%)

   Query:    3' ugUGUGGUUCCUAUUAAAGAGg 5'

   Ref:      5' agAAATAAAGAGGGATTTTTCa 3'

   Energy:  -12.630000 kCal/Mol

