   Forward:	Score: 157.000000  Q:2 to 20  R:279 to 299 Align Len (18) (72.22%) (83.33%)

   Query:    3' gcuGGUACCGACAUCUGACAAu 5'

   Ref:      5' tatTCAT-TTTGCAGACTGTTc 3'

   Energy:  -15.020000 kCal/Mol

