   Forward:	Score: 142.000000  Q:2 to 20  R:1390 to 1412 Align Len (19) (68.42%) (78.95%)

   Query:    3' ccuCCGGCCCUG-CUCACGUUAu 5'

   Ref:      5' gttGCCCAGGCTGGAGTGCAGTg 3'

   Energy:  -23.860001 kCal/Mol

