   Forward:	Score: 141.000000  Q:2 to 14  R:1706 to 1726 Align Len (12) (75.00%) (75.00%)

   Query:    3' cgguuauaAAGACACGACGAu 5'

   Ref:      5' tgggccccTTGGCTGCTGCTt 3'

   Energy:  -15.430000 kCal/Mol

