   Forward:	Score: 142.000000  Q:2 to 11  R:465 to 481 Align Len (9) (88.89%) (88.89%)

   Query:    3' caccgaaACGAGUCCCu 5'

   Ref:      5' gttgggaTCCTCAGGGc 3'

   Energy:  -15.890000 kCal/Mol

