   Forward:	Score: 147.000000  Q:2 to 20  R:2964 to 2985 Align Len (18) (66.67%) (83.33%)

   Query:    3' aguGUCAACGGUCGACUCUAAu 5'

   Ref:      5' gtcCGGGTCTCACCTGGGATTc 3'

   Energy:  -17.049999 kCal/Mol

