   Forward:	Score: 140.000000  Q:2 to 9  R:822 to 843 Align Len (7) (100.00%) (100.00%)

   Query:    3' cuccaaagggcacaUACAAAGu 5'

   Ref:      5' agaaaaatggcacaATGTTTCt 3'

   Energy:  -7.250000 kCal/Mol

