   Forward:	Score: 166.000000  Q:2 to 19  R:4829 to 4851 Align Len (17) (82.35%) (82.35%)

   Query:    3' aguguAUCCUUACUUUUCGGUAu 5'

   Ref:      5' attgcTAGCAATAATAAGCCATc 3'

   Energy:  -11.260000 kCal/Mol

