   Forward:	Score: 147.000000  Q:2 to 15  R:3191 to 3209 Align Len (13) (84.62%) (84.62%)

   Query:    3' ccggcacUGACCUCUGACAAu 5'

   Ref:      5' aatgagaACTG--GACTGTTt 3'

   Energy:  -14.710000 kCal/Mol

