   Forward:	Score: 151.000000  Q:2 to 21  R:2651 to 2673 Align Len (20) (70.00%) (85.00%)

   Query:    3' cgGUCGAUUGUU-AUGUGACGGa 5'

   Ref:      5' aaTAGCCAATAATTTTACTGCCt 3'

   Energy:  -22.290001 kCal/Mol

