   Forward:	Score: 174.000000  Q:2 to 19  R:2391 to 2413 Align Len (17) (88.24%) (88.24%)

   Query:    3' aguguAUCCUUAUUUUUCGGUAu 5'

   Ref:      5' attgcTAGCAATAATAAGCCATc 3'

   Energy:  -14.610000 kCal/Mol

