   Forward:	Score: 151.000000  Q:2 to 20  R:4065 to 4086 Align Len (18) (72.22%) (83.33%)

   Query:    3' aagUUUUGUACUUAACGACGAc 5'

   Ref:      5' ggaATAGCATGATGTGCTGTTa 3'

   Energy:  -16.309999 kCal/Mol

