   Forward:	Score: 149.000000  Q:2 to 18  R:2625 to 2645 Align Len (16) (68.75%) (75.00%)

   Query:    3' uuugUAGUGACGUUCAGAAUu 5'

   Ref:      5' gatgAATACTAGTAGTCTTAt 3'

   Energy:  -11.760000 kCal/Mol

