   Forward:	Score: 143.000000  Q:2 to 20  R:1925 to 1945 Align Len (18) (66.67%) (77.78%)

   Query:    3' cgGUUAUAAAGACACGACGAu 5'

   Ref:      5' ttCATTATATTGCTGTTGCTg 3'

   Energy:  -14.060000 kCal/Mol

