   Forward:	Score: 152.000000  Q:2 to 18  R:422 to 445 Align Len (18) (66.67%) (83.33%)

   Query:    3' guuguUUUAGUGA--CUACGACCu 5'

   Ref:      5' ggggcAGGTGGCTGAGATGCTGGc 3'

   Energy:  -19.280001 kCal/Mol

