   Forward:	Score: 141.000000  Q:2 to 10  R:831 to 852 Align Len (8) (87.50%) (100.00%)

   Query:    3' cuugaacgauuuuUACGUCUUa 5'

   Ref:      5' tccaaggtactgtGTGCAGAAa 3'

   Energy:  -12.600000 kCal/Mol

