   Forward:	Score: 151.000000  Q:2 to 22  R:4766 to 4787 Align Len (20) (55.00%) (85.00%)

   Query:    3' ugGGUGGCUGUCGUUACUUACAa 5'

   Ref:      5' ctTTGTCTAAAGT-GTGAATGTc 3'

   Energy:  -10.210000 kCal/Mol

