   Forward:	Score: 166.000000  Q:2 to 21  R:683 to 703 Align Len (19) (73.68%) (89.47%)

   Query:    3' guUUGUGGUAACAGUGUGAGGu 5'

   Ref:      5' atAGTAACATT-TTACACTCCt 3'

   Energy:  -17.410000 kCal/Mol

