   Forward:	Score: 157.000000  Q:2 to 22  R:919 to 941 Align Len (20) (65.00%) (75.00%)

   Query:    3' cgCGGGUUAAUUACAGACAACUa 5'

   Ref:      5' ggGCCTGATGTCTCCCTGTTGAa 3'

   Energy:  -16.900000 kCal/Mol

