   Forward:	Score: 140.000000  Q:2 to 21  R:398 to 419 Align Len (19) (63.16%) (73.68%)

   Query:    3' uuGGUGUGUUGGAUGAUGGAGu 5'

   Ref:      5' agCAAAAGGACAGACTACCTTg 3'

   Energy:  -16.430000 kCal/Mol

