   Forward:	Score: 159.000000  Q:2 to 21  R:919 to 942 Align Len (21) (71.43%) (76.19%)

   Query:    3' acAUUUGGUAC--UACACGACGAu 5'

   Ref:      5' cgTCAACTCTGTTATCTGCTGCTt 3'

   Energy:  -14.620000 kCal/Mol

