   Forward:	Score: 143.000000  Q:2 to 22  R:2020 to 2041 Align Len (20) (60.00%) (70.00%)

   Query:    3' agUGGUUUUGUACCUUCGUGAAu 5'

   Ref:      5' atGCCTGTA-ATCCCAGCACTTt 3'

   Energy:  -11.020000 kCal/Mol

