   Forward:	Score: 154.000000  Q:2 to 21  R:200 to 220 Align Len (19) (78.95%) (84.21%)

   Query:    3' uuGUUAUGUUGAAUGAUGGAGu 5'

   Ref:      5' ctCACTACAACCT-CTGCCTCc 3'

   Energy:  -19.110001 kCal/Mol

