   Forward:	Score: 140.000000  Q:2 to 9  R:353 to 375 Align Len (7) (100.00%) (100.00%)

   Query:    3' ugaguggcugucgcaACUUACAa 5'

   Ref:      5' ctctgggattcccagTGAATGTg 3'

   Energy:  -15.490000 kCal/Mol

