   Forward:	Score: 153.000000  Q:2 to 21  R:1964 to 1985 Align Len (20) (70.00%) (80.00%)

   Query:    3' ugGUCGAUUGU-UAUGUGACGGu 5'

   Ref:      5' tgCAGC-ATTATGTTCACTGCCa 3'

   Energy:  -20.910000 kCal/Mol

