   Forward:	Score: 163.000000  Q:2 to 22  R:11967 to 11994 Align Len (25) (72.00%) (76.00%)

   Query:    3' ugCGAGUUU--AC---AGCGUCGUGAAa 5'

   Ref:      5' tgGCTCAAGCCTGTAATCCCAGCACTTt 3'

   Energy:  -23.510000 kCal/Mol

