   Forward:	Score: 151.000000  Q:2 to 22  R:1001 to 1025 Align Len (22) (63.64%) (77.27%)

   Query:    3' acUA-UCGG-GACAUGUUACGACGa 5'

   Ref:      5' taATGAGTCACAGAGAGATGCTGCc 3'

   Energy:  -15.770000 kCal/Mol

