   Forward:	Score: 143.000000  Q:2 to 20  R:838 to 859 Align Len (18) (66.67%) (77.78%)

   Query:    3' uggGUGGUUUCUCUUCGUGAAa 5'

   Ref:      5' ttgCACCAGTCTGTGGCACTTc 3'

   Energy:  -18.900000 kCal/Mol

