   Forward:	Score: 154.000000  Q:2 to 19  R:874 to 896 Align Len (17) (70.59%) (76.47%)

   Query:    3' gaagaCAGAGAAAAGAGAGAGGu 5'

   Ref:      5' ctgaaGCCTGTATCTTCTCTCCa 3'

   Energy:  -20.250000 kCal/Mol

