   Forward:	Score: 169.000000  Q:2 to 22  R:1511 to 1533 Align Len (20) (70.00%) (85.00%)

   Query:    3' ugGGAUAUUCGUUAUAACGUGAu 5'

   Ref:      5' acCCTGGAGGAAGAATTGCACTg 3'

   Energy:  -24.490000 kCal/Mol

