   Forward:	Score: 140.000000  Q:3 to 20  R:108 to 127 Align Len (17) (76.47%) (82.35%)

   Query:    3' uuuCUCCAAUUGGUCCACACaa 5'

   Ref:      5' gctGGGATTA--CAGGTGTGag 3'

   Energy:  -17.600000 kCal/Mol

