   Forward:	Score: 142.000000  Q:2 to 20  R:2989 to 3015 Align Len (23) (60.87%) (78.26%)

   Query:    3' ucgGGUUUUC-----CUCUUAAGAAAc 5'

   Ref:      5' ttgTCAAAAGTTATTGGGGATTTTTTa 3'

   Energy:  -14.810000 kCal/Mol

