   Forward:	Score: 140.000000  Q:3 to 13  R:2711 to 2732 Align Len (10) (100.00%) (100.00%)

   Query:    3' agguguaccuCAACGACAAUgu 5'

   Ref:      5' cccagcaattGTTGCTGTTAgc 3'

   Energy:  -18.840000 kCal/Mol

