   Forward:	Score: 149.000000  Q:2 to 19  R:1068 to 1091 Align Len (18) (72.22%) (72.22%)

   Query:    3' gauggACGUGCUUG-UCGUGAAAc 5'

   Ref:      5' ctgagTGCTGGCACTTGCACTTTg 3'

   Energy:  -20.430000 kCal/Mol

