   Forward:	Score: 147.000000  Q:2 to 16  R:266 to 286 Align Len (14) (71.43%) (78.57%)

   Query:    3' uuucucUGGCCAAGUGACACu 5'

   Ref:      5' cattccAGTGGACCACTGTGa 3'

   Energy:  -17.910000 kCal/Mol

