   Forward:	Score: 153.000000  Q:2 to 18  R:2794 to 2815 Align Len (16) (75.00%) (75.00%)

   Query:    3' aucgaCCAACUUCCCCUGGUUu 5'

   Ref:      5' taataGATTTAAAAGGACCAAg 3'

   Energy:  -12.770000 kCal/Mol

