   Forward:	Score: 159.000000  Q:2 to 22  R:6637 to 6658 Align Len (20) (65.00%) (85.00%)

   Query:    3' ugAGUGGCUGUCGCAACUUACAa 5'

   Ref:      5' ctTTGTCTAAAGTG-TGAATGTc 3'

   Energy:  -15.500000 kCal/Mol

