   Forward:	Score: 142.000000  Q:2 to 19  R:3487 to 3509 Align Len (17) (70.59%) (76.47%)

   Query:    3' aguggUUUUGUACCUUCGUGAAu 5'

   Ref:      5' ggaagAATTCATGACAGCATTTc 3'

   Energy:  -11.840000 kCal/Mol

