   Forward:	Score: 140.000000  Q:2 to 9  R:89 to 110 Align Len (7) (100.00%) (100.00%)

   Query:    3' aguccuugacggaaAGAGAGGu 5'

   Ref:      5' atccctcacccgggTCTCTCCt 3'

   Energy:  -16.910000 kCal/Mol

