   Forward:	Score: 143.000000  Q:2 to 17  R:1621 to 1645 Align Len (18) (72.22%) (83.33%)

   Query:    3' guguuuGGUAA---UACACGACGAu 5'

   Ref:      5' cgatgcCCATTTAAGTGTGCTGTTa 3'

   Energy:  -20.680000 kCal/Mol

