   Forward:	Score: 151.000000  Q:3 to 21  R:112 to 134 Align Len (19) (78.95%) (84.21%)

   Query:    3' acCCCA-UAAACUGUUUGACUgu 5'

   Ref:      5' ggGGATGATTTTACGAACTGAac 3'

   Energy:  -22.629999 kCal/Mol

