   Forward:	Score: 146.000000  Q:2 to 20  R:14012 to 14035 Align Len (20) (70.00%) (80.00%)

   Query:    3' cucUAACCGGUAC--AUUAUGAGu 5'

   Ref:      5' actGTTGAGCATGTTTAATACTTt 3'

   Energy:  -13.120000 kCal/Mol

