   Forward:	Score: 144.000000  Q:2 to 18  R:2899 to 2918 Align Len (16) (75.00%) (75.00%)

   Query:    3' uuggggaUAGUGCUAAUCGUAAUu 5'

   Ref:      5' gacgtgcATCAC----AGCATTAa 3'

   Energy:  -14.200000 kCal/Mol

