   Forward:	Score: 145.000000  Q:2 to 10  R:566 to 583 Align Len (8) (100.00%) (100.00%)

   Query:    3' uuccuuuugUAACGUGAc 5'

   Ref:      5' ggatttggaATTGCACTt 3'

   Energy:  -11.920000 kCal/Mol

