   Forward:	Score: 153.000000  Q:2 to 21  R:2463 to 2484 Align Len (20) (80.00%) (85.00%)

   Query:    3' ugUUG-GUCGAUUCUGUGACGGu 5'

   Ref:      5' gcAACAAAGC-AAGACACTGTCt 3'

   Energy:  -26.370001 kCal/Mol

