   Forward:	Score: 140.000000  Q:2 to 9  R:311 to 332 Align Len (7) (100.00%) (100.00%)

   Query:    3' ucgcccugaaacucCCGGUCAa 5'

   Ref:      5' gaccgctggccccaGGCCAGTg 3'

   Energy:  -15.950000 kCal/Mol

