   Forward:	Score: 145.000000  Q:2 to 18  R:806 to 827 Align Len (16) (68.75%) (87.50%)

   Query:    3' cuugaACGAUUUUUACGUCUUa 5'

   Ref:      5' ggttaTTTTAAAGCTGCAGGAa 3'

   Energy:  -12.010000 kCal/Mol

