   Forward:	Score: 149.000000  Q:2 to 15  R:1763 to 1786 Align Len (14) (78.57%) (85.71%)

   Query:    3' ucguuuuuaCACGAU-CACGGUUu 5'

   Ref:      5' tcatctttgGAGCTGTGTGCCAAg 3'

   Energy:  -18.709999 kCal/Mol

