   Forward:	Score: 155.000000  Q:2 to 12  R:1508 to 1529 Align Len (10) (100.00%) (100.00%)

   Query:    3' uguuucaagacACUACGUGACu 5'

   Ref:      5' tgctgaaccaaTGATGCACTGa 3'

   Energy:  -20.500000 kCal/Mol

