   Forward:	Score: 142.000000  Q:2 to 21  R:2124 to 2145 Align Len (19) (78.95%) (84.21%)

   Query:    3' ugaGUGGCUGUCGCAACUUACAa 5'

   Ref:      5' ataCACCTACA-TGTAGAATGTg 3'

   Energy:  -18.850000 kCal/Mol

