   Forward:	Score: 146.000000  Q:3 to 21  R:2442 to 2462 Align Len (18) (77.78%) (83.33%)

   Query:    3' uuGAUAUGUUGGAGGAUGGAgu 5'

   Ref:      5' gtTTA-ACACCCTACTACCTga 3'

   Energy:  -17.200001 kCal/Mol

