   Forward:	Score: 144.000000  Q:2 to 19  R:2660 to 2678 Align Len (17) (70.59%) (88.24%)

   Query:    3' cgUUACGUUGUCGUUACGUg 5'

   Ref:      5' aaAGTACAGCA-CAGTGCAg 3'

   Energy:  -15.700000 kCal/Mol

