   Forward:	Score: 150.000000  Q:2 to 20  R:1193 to 1215 Align Len (19) (63.16%) (78.95%)

   Query:    3' ucgGAUAGGACCU-AAUGAACUu 5'

   Ref:      5' gaaTTATTTTATACCTACTTGAc 3'

   Energy:  -9.720000 kCal/Mol

