   Forward:	Score: 152.000000  Q:3 to 17  R:2784 to 2805 Align Len (14) (92.86%) (92.86%)

   Query:    3' uuggugUGUUGGAUGAUGGAgu 5'

   Ref:      5' cgtttaACACCCTACTACCTga 3'

   Energy:  -22.350000 kCal/Mol

