   Forward:	Score: 142.000000  Q:2 to 21  R:6279 to 6299 Align Len (19) (63.16%) (84.21%)

   Query:    3' gcGGUUAUAAAUGCACGACGAu 5'

   Ref:      5' ccTTACTGTTT-CTTGTTGCTt 3'

   Energy:  -11.230000 kCal/Mol

