   Forward:	Score: 163.000000  Q:2 to 20  R:1932 to 1952 Align Len (18) (83.33%) (88.89%)

   Query:    3' cgUCUUGAAUCGGUGACACUu 5'

   Ref:      5' agAGCACTGAGCCATTGTGAa 3'

   Energy:  -24.700001 kCal/Mol

