   Forward:	Score: 142.000000  Q:2 to 19  R:182 to 204 Align Len (17) (64.71%) (82.35%)

   Query:    3' cguuaGUCGAUUGAUGUGACGGa 5'

   Ref:      5' gcgcgCGCCCGACTCCGCTGCCc 3'

   Energy:  -19.850000 kCal/Mol

