   Forward:	Score: 155.000000  Q:2 to 20  R:3674 to 3695 Align Len (18) (66.67%) (77.78%)

   Query:    3' uugUUAUGUUGAAUGAUGGAGu 5'

   Ref:      5' tagAGAAGGAATTCCTACCTCt 3'

   Energy:  -12.110000 kCal/Mol

