   Forward:	Score: 144.000000  Q:2 to 17  R:931 to 951 Align Len (15) (60.00%) (80.00%)

   Query:    3' uguuuGGUGUCACACGACGAc 5'

   Ref:      5' caactCTGTTATCTGCTGCTt 3'

   Energy:  -12.740000 kCal/Mol

