   Forward:	Score: 155.000000  Q:2 to 20  R:274 to 295 Align Len (18) (72.22%) (72.22%)

   Query:    3' cuuAAGUAGUGCCGGUCGGAGa 5'

   Ref:      5' aatTTCTTAACTCACAGCCTCc 3'

   Energy:  -15.590000 kCal/Mol

