   Forward:	Score: 157.000000  Q:2 to 22  R:1508 to 1530 Align Len (20) (60.00%) (80.00%)

   Query:    3' ugAGUGGCUGUCGCAACUUACAa 5'

   Ref:      5' tgTCAGAGGTGTTGATGAATGTt 3'

   Energy:  -16.299999 kCal/Mol

