   Forward:	Score: 155.000000  Q:2 to 22  R:12206 to 12227 Align Len (20) (75.00%) (85.00%)

   Query:    3' ugUAAAAAGCAAUAACGAGAACu 5'

   Ref:      5' taATTTTTT-AAATTGCTTTTGt 3'

   Energy:  -14.960000 kCal/Mol

