   Forward:	Score: 171.000000  Q:2 to 22  R:542 to 563 Align Len (20) (80.00%) (85.00%)

   Query:    3' gaUGGACGUGACAUUCGUGAAAc 5'

   Ref:      5' agACCTGCATACT-AGCACTTTc 3'

   Energy:  -23.040001 kCal/Mol

