   Forward:	Score: 163.000000  Q:2 to 20  R:228 to 250 Align Len (18) (77.78%) (77.78%)

   Query:    3' ucucCGUCCGUACGCCCGUCUGu 5'

   Ref:      5' gattGAAGAAATGCAGGCAGACc 3'

   Energy:  -19.330000 kCal/Mol

