   Forward:	Score: 155.000000  Q:2 to 16  R:4180 to 4201 Align Len (14) (64.29%) (100.00%)

   Query:    3' ugguccaAGGUGGGGUCGUCCg 5'

   Ref:      5' caacttaTCTGTTTCAGCAGGa 3'

   Energy:  -22.820000 kCal/Mol

