   Forward:	Score: 140.000000  Q:2 to 9  R:694 to 716 Align Len (7) (100.00%) (100.00%)

   Query:    3' agguauuucauccuuUGUGAUGu 5'

   Ref:      5' atgcaagatttcatcACACTACt 3'

   Energy:  -10.100000 kCal/Mol

