   Forward:	Score: 161.000000  Q:2 to 18  R:527 to 547 Align Len (16) (75.00%) (87.50%)

   Query:    3' acguUACGUUGAUGUUACGUg 5'

   Ref:      5' cagcATCCGGCAACAATGCAc 3'

   Energy:  -21.139999 kCal/Mol

