   Forward:	Score: 147.000000  Q:2 to 12  R:1376 to 1395 Align Len (10) (80.00%) (100.00%)

   Query:    3' ucacgggggUGUCAAACUCa 5'

   Ref:      5' ataagacagATGGTTTGAGa 3'

   Energy:  -12.410000 kCal/Mol

