   Forward:	Score: 167.000000  Q:2 to 21  R:3376 to 3399 Align Len (20) (70.00%) (90.00%)

   Query:    3' ucgUUUUUACACGAU-CACGGUUu 5'

   Ref:      5' gagGAGGCTGTGCTGTGTGCCAAt 3'

   Energy:  -23.870001 kCal/Mol

