   Forward:	Score: 148.000000  Q:2 to 18  R:3100 to 3125 Align Len (19) (68.42%) (73.68%)

   Query:    3' ugugggGUUUUA---GCUUCGUGAAg 5'

   Ref:      5' cactgaCAGAATGTGCTTAGCACTTt 3'

   Energy:  -18.360001 kCal/Mol

