   Forward:	Score: 162.000000  Q:2 to 19  R:357 to 378 Align Len (17) (70.59%) (88.24%)

   Query:    3' uuguUAUGUUGAAUGAUGGAGu 5'

   Ref:      5' gtgcATGCTGCTGGCTACCTCc 3'

   Energy:  -17.340000 kCal/Mol

