   Forward:	Score: 149.000000  Q:2 to 15  R:2002 to 2023 Align Len (14) (78.57%) (85.71%)

   Query:    3' uuucucuGGCCAA-GUGACACu 5'

   Ref:      5' ttgacttCTGCTTACACTGTGc 3'

   Energy:  -13.900000 kCal/Mol

