   Forward:	Score: 157.000000  Q:2 to 20  R:5825 to 5844 Align Len (18) (72.22%) (83.33%)

   Query:    3' ucGAUACGGUCGUAGAACGGa 5'

   Ref:      5' tcCTGACTCAGC-TCTTGCCt 3'

   Energy:  -22.740000 kCal/Mol

