   Forward:	Score: 158.000000  Q:2 to 21  R:1555 to 1578 Align Len (21) (76.19%) (76.19%)

   Query:    3' ugGUCC-AAGGUG-GGGUCGUCCg 5'

   Ref:      5' tgCAGGCCACCTCTCCCAGCAGGt 3'

   Energy:  -32.080002 kCal/Mol

