   Forward:	Score: 157.000000  Q:2 to 18  R:8402 to 8422 Align Len (16) (75.00%) (81.25%)

   Query:    3' uuucUCUGGCCAAGUGACACu 5'

   Ref:      5' aataAGAGTTGCTCACTGTGt 3'

   Energy:  -19.990000 kCal/Mol

