   Forward:	Score: 150.000000  Q:2 to 21  R:1066 to 1086 Align Len (19) (57.89%) (84.21%)

   Query:    3' ccUCUCGGAGGUGGGUUGGGAg 5'

   Ref:      5' taAGTGGTTTT-TTCAACCCTt 3'

   Energy:  -18.150000 kCal/Mol

