   Forward:	Score: 147.000000  Q:2 to 13  R:1522 to 1544 Align Len (13) (84.62%) (84.62%)

   Query:    3' gguucaagaCAGU--ACGUGACu 5'

   Ref:      5' ttgcactaaGTCATTTGCACTGg 3'

   Energy:  -18.250000 kCal/Mol

