   Forward:	Score: 155.000000  Q:2 to 12  R:6612 to 6633 Align Len (10) (100.00%) (100.00%)

   Query:    3' gucgaccaacuUCCCCUGGUUu 5'

   Ref:      5' agatcataatcAGGGGACCAAa 3'

   Energy:  -21.040001 kCal/Mol

