   Forward:	Score: 140.000000  Q:2 to 9  R:364 to 385 Align Len (7) (100.00%) (100.00%)

   Query:    3' ugggagauuuuccuUCGUGAAa 5'

   Ref:      5' atgcctggcactctAGCACTTg 3'

   Energy:  -11.860000 kCal/Mol

