   Forward:	Score: 141.000000  Q:2 to 10  R:948 to 969 Align Len (8) (87.50%) (100.00%)

   Query:    3' ucggguuuuccucUUAAGAAAc 5'

   Ref:      5' cgcttgtgttcttGATTCTTTg 3'

   Energy:  -11.600000 kCal/Mol

