   Forward:	Score: 150.000000  Q:2 to 19  R:2464 to 2484 Align Len (17) (64.71%) (76.47%)

   Query:    3' agcCGUAGAUGUGAACGUGAc 5'

   Ref:      5' cctGTAACTTTTGTTGCACTt 3'

   Energy:  -10.120000 kCal/Mol

