   Forward:	Score: 147.000000  Q:2 to 21  R:1801 to 1824 Align Len (20) (65.00%) (70.00%)

   Query:    3' cacCAU-UAGGGACCGUUACACUa 5'

   Ref:      5' tcaGTGTACCCCATTAAATGTGAa 3'

   Energy:  -14.830000 kCal/Mol

