   Forward:	Score: 149.000000  Q:2 to 15  R:2119 to 2143 Align Len (15) (80.00%) (80.00%)

   Query:    3' acuaucgggACAUGU--UACGACGa 5'

   Ref:      5' ttcactaaaTGTCCAATATGCTGCa 3'

   Energy:  -13.470000 kCal/Mol

