   Forward:	Score: 163.000000  Q:2 to 16  R:1489 to 1510 Align Len (14) (85.71%) (92.86%)

   Query:    3' auuggcuAAAGUUUACCACGAu 5'

   Ref:      5' ggcttctTTTTACATGGTGCTg 3'

   Energy:  -17.070000 kCal/Mol

