   Forward:	Score: 140.000000  Q:2 to 9  R:193 to 215 Align Len (7) (100.00%) (100.00%)

   Query:    3' aguguauccuuacuuUUCGGUAu 5'

   Ref:      5' ccgctcttgcactccAAGCCATt 3'

   Energy:  -10.700000 kCal/Mol

