   Forward:	Score: 169.000000  Q:2 to 22  R:1013 to 1036 Align Len (22) (81.82%) (86.36%)

   Query:    3' cgACUC-UC-ACAUCCUACAAAUGu 5'

   Ref:      5' ctTGAGAAGATG-AGGGTGTTTACg 3'

   Energy:  -26.820000 kCal/Mol

