   Forward:	Score: 142.000000  Q:2 to 20  R:2742 to 2765 Align Len (20) (60.00%) (70.00%)

   Query:    3' cccAUU--AGUGACCGUUACACUa 5'

   Ref:      5' agtTAAGTTTTCCAATAATGTGAc 3'

   Energy:  -10.100000 kCal/Mol

