   Forward:	Score: 144.000000  Q:2 to 16  R:2495 to 2514 Align Len (14) (71.43%) (85.71%)

   Query:    3' aacgggaGAGUUGGGUCGAAAa 5'

   Ref:      5' aattggcTTTAA--CAGCTTTt 3'

   Energy:  -13.440000 kCal/Mol

