   Forward:	Score: 146.000000  Q:2 to 20  R:3669 to 3691 Align Len (19) (63.16%) (73.68%)

   Query:    3' gaaGGUCAGCU-CCUACAAAUGu 5'

   Ref:      5' tagCCATTTTATACGTGTTTACt 3'

   Energy:  -10.150000 kCal/Mol

