   Forward:	Score: 148.000000  Q:2 to 21  R:1418 to 1439 Align Len (19) (63.16%) (68.42%)

   Query:    3' guGUUUGGUAAUACACGACGAu 5'

   Ref:      5' caCAGCCCTGCCTCTGCTGCTa 3'

   Energy:  -20.299999 kCal/Mol

