   Forward:	Score: 155.000000  Q:2 to 20  R:8911 to 8931 Align Len (18) (72.22%) (72.22%)

   Query:    3' ccACCCUUCCGACGUCCCAGa 5'

   Ref:      5' tgTGTGCAGAATCCAGGGTCc 3'

   Energy:  -17.020000 kCal/Mol

