   Forward:	Score: 140.000000  Q:2 to 9  R:2030 to 2052 Align Len (7) (100.00%) (100.00%)

   Query:    3' uuguccguagacaacUCGAGGAu 5'

   Ref:      5' agatgcagagaaaacAGCTCCTt 3'

   Energy:  -15.080000 kCal/Mol

