   Forward:	Score: 140.000000  Q:2 to 9  R:4277 to 4298 Align Len (7) (100.00%) (100.00%)

   Query:    3' uuguaccuaaaaggAGAUACUa 5'

   Ref:      5' tttgaaaaacaaaaTCTATGAa 3'

   Energy:  -8.990000 kCal/Mol

