   Forward:	Score: 150.000000  Q:2 to 21  R:5152 to 5176 Align Len (22) (59.09%) (81.82%)

   Query:    3' gaUGGUAUCCC--A-UUUUGGUGAc 5'

   Ref:      5' taAATGTGGGGATTGGGAACCACTa 3'

   Energy:  -18.670000 kCal/Mol

