   Forward:	Score: 154.000000  Q:2 to 19  R:3663 to 3684 Align Len (17) (70.59%) (94.12%)

   Query:    3' ggugUGUGAAGGAAUGUAAGGu 5'

   Ref:      5' agtaATACTTTTTCACATTTCc 3'

   Energy:  -16.570000 kCal/Mol

