   Forward:	Score: 155.000000  Q:2 to 21  R:4040 to 4062 Align Len (20) (70.00%) (75.00%)

   Query:    3' uuCUUCACGUGGU-ACAAACAAa 5'

   Ref:      5' tgGCATTTTTCCACTGTTTGTTg 3'

   Energy:  -12.800000 kCal/Mol

