   Forward:	Score: 140.000000  Q:2 to 9  R:1 to 8 Align Len (7) (100.00%) (100.00%)

   Query:    3' augacggaaAGAGAGGu 5'

   Ref:      5' ---------TCTCTCCt 3'

   Energy:  -10.690000 kCal/Mol

