   Forward:	Score: 145.000000  Q:2 to 14  R:1879 to 1900 Align Len (12) (75.00%) (83.33%)

   Query:    3' uguagcaauGGUCUGUCACAAu 5'

   Ref:      5' tagaacagcTCAATCAGTGTTt 3'

   Energy:  -13.160000 kCal/Mol

