   Forward:	Score: 158.000000  Q:2 to 16  R:548 to 569 Align Len (15) (80.00%) (93.33%)

   Query:    3' ggaagaCUGA-GGAUCAGGUCa 5'

   Ref:      5' cggcgaGGCTGTCTAGTCCAGg 3'

   Energy:  -22.440001 kCal/Mol

