   Forward:	Score: 140.000000  Q:2 to 9  R:972 to 993 Align Len (7) (100.00%) (100.00%)

   Query:    3' gugagauuucccucCGUGAAAc 5'

   Ref:      5' gaaatgaatatgctGCACTTTa 3'

   Energy:  -7.790000 kCal/Mol

