   Forward:	Score: 140.000000  Q:2 to 9  R:300 to 317 Align Len (7) (100.00%) (100.00%)

   Query:    3' uuccuuuuguAACGUGAc 5'

   Ref:      5' atcaccgctcTTGCACTc 3'

   Energy:  -7.550000 kCal/Mol

