   Forward:	Score: 145.000000  Q:2 to 22  R:562 to 584 Align Len (20) (65.00%) (75.00%)

   Query:    3' gaUUGACGUGAUCUACGUGGAAu 5'

   Ref:      5' ggAAATGAATATGCTGCACTTTa 3'

   Energy:  -12.130000 kCal/Mol

