   Forward:	Score: 145.000000  Q:2 to 20  R:1796 to 1816 Align Len (18) (61.11%) (77.78%)

   Query:    3' cuuAAGUAGUGCCGGUCGGAGa 5'

   Ref:      5' cctTTGAGTAT-TTCAGCCTCt 3'

   Energy:  -15.490000 kCal/Mol

