   Forward:	Score: 142.000000  Q:2 to 20  R:1977 to 1995 Align Len (18) (72.22%) (72.22%)

   Query:    3' uguUUCAAGACACUACGUGACu 5'

   Ref:      5' actAAG-TCATT--TGCACTGg 3'

   Energy:  -14.070000 kCal/Mol

