   Forward:	Score: 143.000000  Q:2 to 14  R:486 to 503 Align Len (12) (83.33%) (83.33%)

   Query:    3' aggagaGUUGGGUCGAAAa 5'

   Ref:      5' gtaatgCAA-ACAGCTTTt 3'

   Energy:  -12.560000 kCal/Mol

