   Forward:	Score: 156.000000  Q:2 to 21  R:3815 to 3834 Align Len (19) (73.68%) (78.95%)

   Query:    3' ugcGAGUUUACAGCGUCGUGAAa 5'

   Ref:      5' cacCTTAA---TCCCAGCACTTt 3'

   Energy:  -17.180000 kCal/Mol

