   Forward:	Score: 155.000000  Q:2 to 20  R:844 to 864 Align Len (18) (66.67%) (77.78%)

   Query:    3' cuCGAUGUCACGAAGUAGAGu 5'

   Ref:      5' gtGGTGTATGGATTCATCTCa 3'

   Energy:  -15.620000 kCal/Mol

