   Forward:	Score: 153.000000  Q:2 to 20  R:954 to 976 Align Len (18) (66.67%) (83.33%)

   Query:    3' uuguuGUUUUAGUGAUCAGAAGGu 5'

   Ref:      5' ctgtcTACACTTGCT-GTCTTCCt 3'

   Energy:  -16.430000 kCal/Mol

