   Forward:	Score: 153.000000  Q:2 to 21  R:4367 to 4388 Align Len (20) (80.00%) (85.00%)

   Query:    3' aaAGUCAAUAGUUA-GACAGUGu 5'

   Ref:      5' caTCAG-TCTCAATACTGTCATt 3'

   Energy:  -20.420000 kCal/Mol

