   Forward:	Score: 140.000000  Q:2 to 9  R:840 to 860 Align Len (7) (100.00%) (100.00%)

   Query:    3' cugguucuuuaucGGAAAGUu 5'

   Ref:      5' ctggagcaccacaCCTTTCAg 3'

   Energy:  -13.290000 kCal/Mol

