   Forward:	Score: 140.000000  Q:3 to 19  R:2876 to 2898 Align Len (19) (78.95%) (78.95%)

   Query:    3' gcGGAG--A-GUCGGGUCGAAaa 5'

   Ref:      5' ttCCTCAGTCCCGCCCAGCTTct 3'

   Energy:  -22.180000 kCal/Mol

