   Forward:	Score: 141.000000  Q:2 to 21  R:1952 to 1972 Align Len (19) (78.95%) (84.21%)

   Query:    3' aggUAGUAGUUUUGUUUACCUCa 5'

   Ref:      5' aggATCAT--AGACAAATGGTGg 3'

   Energy:  -17.120001 kCal/Mol

