   Forward:	Score: 146.000000  Q:2 to 21  R:1854 to 1873 Align Len (19) (73.68%) (78.95%)

   Query:    3' gauUGACGUGAUCUACGUGGAAu 5'

   Ref:      5' aatATTTC-CT-GA-GCACCTTt 3'

   Energy:  -13.570000 kCal/Mol

