   Forward:	Score: 147.000000  Q:2 to 12  R:319 to 340 Align Len (10) (80.00%) (100.00%)

   Query:    3' ugguccaagguGGGGUCGUCCg 5'

   Ref:      5' gagagctgagtCTTCAGCAGGt 3'

   Energy:  -19.719999 kCal/Mol

