   Forward:	Score: 165.000000  Q:2 to 14  R:611 to 633 Align Len (12) (100.00%) (100.00%)

   Query:    3' cuuguccaucAGACUUGUGACCc 5'

   Ref:      5' tcccatcggaTCTGAACACTGGt 3'

   Energy:  -22.879999 kCal/Mol

