   Forward:	Score: 140.000000  Q:2 to 9  R:620 to 641 Align Len (7) (100.00%) (100.00%)

   Query:    3' gaaggucagccccuACAAAUGu 5'

   Ref:      5' ttatgttcttacttTGTTTACt 3'

   Energy:  -7.020000 kCal/Mol

