   Forward:	Score: 152.000000  Q:2 to 16  R:6810 to 6832 Align Len (15) (86.67%) (86.67%)

   Query:    3' aguaugucGAUCUA-UUGGUUUCu 5'

   Ref:      5' agggtgtcCT-GATCAACCAAAGt 3'

   Energy:  -13.540000 kCal/Mol

