   Forward:	Score: 145.000000  Q:2 to 10  R:709 to 731 Align Len (8) (100.00%) (100.00%)

   Query:    3' ugaccucugugcacGUGACAUCu 5'

   Ref:      5' attcaggtttctccCACTGTAGa 3'

   Energy:  -16.200001 kCal/Mol

