   Forward:	Score: 140.000000  Q:2 to 9  R:273 to 294 Align Len (7) (100.00%) (100.00%)

   Query:    3' uugauauguuggauGAUGGAGu 5'

   Ref:      5' tgctgcttctttccCTACCTCc 3'

   Energy:  -14.050000 kCal/Mol

