   Forward:	Score: 140.000000  Q:2 to 9  R:818 to 839 Align Len (7) (100.00%) (100.00%)

   Query:    3' gcuacaucagguuuCCGUGUAu 5'

   Ref:      5' aatgacacacgcccGGCACATt 3'

   Energy:  -14.060000 kCal/Mol

