   Forward:	Score: 143.000000  Q:2 to 20  R:1176 to 1199 Align Len (18) (66.67%) (77.78%)

   Query:    3' uugggGAUAGUGCUAAUCGUAAUu 5'

   Ref:      5' gtcggCTATCAGAGCAAGCATTGt 3'

   Energy:  -17.180000 kCal/Mol

