   Forward:	Score: 143.000000  Q:2 to 21  R:3790 to 3812 Align Len (20) (75.00%) (85.00%)

   Query:    3' ucCUUUGGUC-GUUCACAACUGc 5'

   Ref:      5' gtGAAACCGGTCAGCTGTGGACc 3'

   Energy:  -19.209999 kCal/Mol

