   Forward:	Score: 145.000000  Q:2 to 10  R:281 to 301 Align Len (8) (100.00%) (100.00%)

   Query:    3' cucgaugucacgAAGUAGAGu 5'

   Ref:      5' ggtgcttttataTTCATCTCa 3'

   Energy:  -16.750000 kCal/Mol

