   Forward:	Score: 146.000000  Q:2 to 19  R:1666 to 1687 Align Len (17) (64.71%) (88.24%)

   Query:    3' ugucAGGUUUCCCUUCGUGAAa 5'

   Ref:      5' agccTTCAGAGCTGAGCATTTg 3'

   Energy:  -14.490000 kCal/Mol

