   Forward:	Score: 141.000000  Q:2 to 18  R:1776 to 1796 Align Len (16) (62.50%) (87.50%)

   Query:    3' uccuCUGAGUGUUCAAGGACg 5'

   Ref:      5' atccGGTTTTCCAGTTCTTGc 3'

   Energy:  -17.270000 kCal/Mol

