   Forward:	Score: 140.000000  Q:2 to 9  R:4489 to 4509 Align Len (7) (100.00%) (100.00%)

   Query:    3' ugcaccuaaaaggAGAUACUa 5'

   Ref:      5' ttgaaaaacaaaaTCTATGAa 3'

   Energy:  -7.360000 kCal/Mol

