   Forward:	Score: 151.000000  Q:2 to 18  R:316 to 336 Align Len (16) (81.25%) (93.75%)

   Query:    3' uugacAUGUUUGAUGAUGGAGu 5'

   Ref:      5' ctcacTGCAAACT-CTGCCTCc 3'

   Energy:  -21.629999 kCal/Mol

