   Forward:	Score: 154.000000  Q:2 to 15  R:13414 to 13435 Align Len (13) (76.92%) (92.31%)

   Query:    3' uugauaugUUAGAUGAUGGAGu 5'

   Ref:      5' cctcggtgGACTTACTACCTCt 3'

   Energy:  -16.520000 kCal/Mol

