   Forward:	Score: 158.000000  Q:2 to 15  R:1474 to 1496 Align Len (13) (84.62%) (92.31%)

   Query:    3' ucccuaaggACCCUUUUGACCUg 5'

   Ref:      5' ccacacaaaTGGAGAAACTGGAc 3'

   Energy:  -20.180000 kCal/Mol

