   Forward:	Score: 167.000000  Q:2 to 20  R:2715 to 2735 Align Len (18) (72.22%) (88.89%)

   Query:    3' uuUGUAGUGACGUUCAGAAUu 5'

   Ref:      5' ccATTTTCCTGTAAGTCTTAc 3'

   Energy:  -18.040001 kCal/Mol

