   Forward:	Score: 168.000000  Q:2 to 21  R:922 to 944 Align Len (19) (78.95%) (78.95%)

   Query:    3' aguAUGUCGAUCUAUUGGUUUCu 5'

   Ref:      5' tatTAAAGCAAGTCAACCAAAGg 3'

   Energy:  -18.209999 kCal/Mol

