   Forward:	Score: 164.000000  Q:2 to 20  R:62063 to 62082 Align Len (18) (77.78%) (88.89%)

   Query:    3' uccGUAUCCUACUGUUUCCCUu 5'

   Ref:      5' ttaCATA--ATGGTAAAGGGAt 3'

   Energy:  -19.719999 kCal/Mol

