   Forward:	Score: 158.000000  Q:2 to 22  R:1417 to 1438 Align Len (20) (70.00%) (80.00%)

   Query:    3' uugGGGAUAGUGCUAAUCGUAAUu 5'

   Ref:      5' aaaTCCTG--AGGACTAGCATTAa 3'

   Energy:  -17.379999 kCal/Mol

