   Forward:	Score: 151.000000  Q:2 to 16  R:389 to 406 Align Len (14) (71.43%) (85.71%)

   Query:    3' ucgAUGUCACAGUAGAGu 5'

   Ref:      5' gtgTATGGATTCATCTCa 3'

   Energy:  -12.980000 kCal/Mol

