   Forward:	Score: 147.000000  Q:2 to 21  R:1769 to 1793 Align Len (20) (60.00%) (75.00%)

   Query:    3' ucacACUCAAGAUGGU-AACGGUUu 5'

   Ref:      5' ccatTAAATATGACTGTTTGCCAAt 3'

   Energy:  -11.080000 kCal/Mol

