   Forward:	Score: 153.000000  Q:2 to 15  R:572 to 594 Align Len (14) (85.71%) (85.71%)

   Query:    3' ugacccugAAACA-UCCGGUCAa 5'

   Ref:      5' gtttcccaTTTGTCTGGCCAGTc 3'

   Energy:  -16.469999 kCal/Mol

