   Forward:	Score: 150.000000  Q:2 to 21  R:705 to 725 Align Len (19) (68.42%) (73.68%)

   Query:    3' gaUGGUAUCCCAUUUUGGUGAc 5'

   Ref:      5' agACCTTGTAG-ATAACCACTc 3'

   Energy:  -13.330000 kCal/Mol

