   Forward:	Score: 144.000000  Q:2 to 13  R:1728 to 1748 Align Len (11) (72.73%) (90.91%)

   Query:    3' agccguagaUGUGAACGUGAc 5'

   Ref:      5' tgaagtggaGCTTTTGCACTt 3'

   Energy:  -14.510000 kCal/Mol

