   Forward:	Score: 153.000000  Q:2 to 15  R:1891 to 1914 Align Len (14) (78.57%) (92.86%)

   Query:    3' gauggacguGAU-AUUCGUGAAAu 5'

   Ref:      5' tcaaaaaatTTATTGAGCACTTTt 3'

   Energy:  -12.410000 kCal/Mol

