   Forward:	Score: 150.000000  Q:2 to 21  R:492 to 512 Align Len (19) (63.16%) (78.95%)

   Query:    3' guUGUUUUAGUGACUACGACCu 5'

   Ref:      5' agGCCGAGGCAC-CATGCTGGg 3'

   Energy:  -18.389999 kCal/Mol

