   Forward:	Score: 143.000000  Q:2 to 14  R:1269 to 1289 Align Len (12) (83.33%) (83.33%)

   Query:    3' ugucucucgAACGGGAACAUAu 5'

   Ref:      5' taatctctgTTG-GCTTGTATt 3'

   Energy:  -8.940000 kCal/Mol

