   Forward:	Score: 159.000000  Q:2 to 16  R:405 to 426 Align Len (14) (85.71%) (85.71%)

   Query:    3' aggggacCAGUCUGAUGAACUc 5'

   Ref:      5' acttagaGTCCTACTACTTGAa 3'

   Energy:  -18.660000 kCal/Mol

