   Forward:	Score: 165.000000  Q:2 to 18  R:1125 to 1146 Align Len (16) (75.00%) (93.75%)

   Query:    3' gaaggUCAGUUCCUACAAAUGu 5'

   Ref:      5' tgagaAGATGAGGGTGTTTACg 3'

   Energy:  -20.940001 kCal/Mol

