   Forward:	Score: 146.000000  Q:2 to 13  R:1096 to 1111 Align Len (11) (90.91%) (90.91%)

   Query:    3' guggaCUUAAUGAACUu 5'

   Ref:      5' tagaaGAA-TACTTGAa 3'

   Energy:  -10.860000 kCal/Mol

