   Forward:	Score: 157.000000  Q:2 to 14  R:3545 to 3566 Align Len (12) (91.67%) (91.67%)

   Query:    3' ugaguggcuGUCCAACUUACAa 5'

   Ref:      5' gtgatagttCAGCTTGAATGTc 3'

   Energy:  -13.310000 kCal/Mol

