   Forward:	Score: 148.000000  Q:2 to 18  R:3227 to 3245 Align Len (16) (81.25%) (81.25%)

   Query:    3' guguuUGGUAAUACACGACGAu 5'

   Ref:      5' agttcACCA--AT-TGCTGCTa 3'

   Energy:  -15.170000 kCal/Mol

