   Forward:	Score: 144.000000  Q:3 to 21  R:284 to 305 Align Len (18) (66.67%) (83.33%)

   Query:    3' acUUAGGAACUUAUCCACACaa 5'

   Ref:      5' tcAGCTCTAGAAAGGGTGTGgc 3'

   Energy:  -15.850000 kCal/Mol

