   Forward:	Score: 151.000000  Q:2 to 19  R:1411 to 1429 Align Len (17) (70.59%) (82.35%)

   Query:    3' uagACGUGACAGUCGUGAAAu 5'

   Ref:      5' aaaTTTATTG--AGCACTTTt 3'

   Energy:  -12.800000 kCal/Mol

