   Forward:	Score: 140.000000  Q:2 to 9  R:2252 to 2268 Align Len (7) (100.00%) (100.00%)

   Query:    3' caccgaaacGAGUCCCu 5'

   Ref:      5' agcagcagcCTCAGGGa 3'

   Energy:  -15.970000 kCal/Mol

