   Forward:	Score: 144.000000  Q:2 to 13  R:925 to 947 Align Len (11) (81.82%) (81.82%)

   Query:    3' cuugucuaucaGAUUUGUGACCc 5'

   Ref:      5' accctgcacacCTCTACACTGGa 3'

   Energy:  -12.850000 kCal/Mol

