   Forward:	Score: 146.000000  Q:2 to 21  R:1081 to 1098 Align Len (19) (73.68%) (73.68%)

   Query:    3' gcGGUUAUAAAUGCACGACGAu 5'

   Ref:      5' tgCCAATA--GA--TGCTGCTc 3'

   Energy:  -19.670000 kCal/Mol

