   Forward:	Score: 140.000000  Q:3 to 21  R:288 to 309 Align Len (18) (66.67%) (77.78%)

   Query:    3' ugUGUGGUUCCUAUUAAAGAgg 5'

   Ref:      5' acATACAAATGGACATTTCTaa 3'

   Energy:  -14.120000 kCal/Mol

