   Forward:	Score: 145.000000  Q:2 to 10  R:801 to 822 Align Len (8) (100.00%) (100.00%)

   Query:    3' ugacggacagacaCGGACGACa 5'

   Ref:      5' gttaggacaatcaGCCTGCTGc 3'

   Energy:  -15.930000 kCal/Mol

