   Forward:	Score: 164.000000  Q:2 to 17  R:4159 to 4177 Align Len (15) (80.00%) (93.33%)

   Query:    3' aggAGAGUUGGGUCGAAAa 5'

   Ref:      5' cagTCTTGAGCCAGCTTTa 3'

   Energy:  -16.889999 kCal/Mol

