   Forward:	Score: 162.000000  Q:2 to 19  R:419 to 440 Align Len (17) (70.59%) (88.24%)

   Query:    3' uugaUAUGUUGGAGGAUGGAGu 5'

   Ref:      5' gaggAGGCTGCCTTCTACCTCc 3'

   Energy:  -21.180000 kCal/Mol

