   Forward:	Score: 153.000000  Q:2 to 21  R:2150 to 2171 Align Len (20) (70.00%) (80.00%)

   Query:    3' cgACGUGGUCGGAC-GGACGACu 5'

   Ref:      5' tgTGCCTCA-TGTGTCCTGCTGt 3'

   Energy:  -21.299999 kCal/Mol

