   Forward:	Score: 163.000000  Q:2 to 17  R:2707 to 2731 Align Len (17) (82.35%) (88.24%)

   Query:    3' uggguggCUGUCG--UUACUUACAa 5'

   Ref:      5' acttgagGATAGCTGAATGAATGTg 3'

   Energy:  -20.150000 kCal/Mol

