   Forward:	Score: 152.000000  Q:2 to 13  R:436 to 452 Align Len (11) (90.91%) (90.91%)

   Query:    3' caccgAAACGAGUCCCu 5'

   Ref:      5' cctcgTCTGCTCAGGGg 3'

   Energy:  -19.000000 kCal/Mol

