   Forward:	Score: 151.000000  Q:2 to 20  R:889 to 909 Align Len (18) (66.67%) (88.89%)

   Query:    3' ccGACAGUUAAGUAUCCAGUc 5'

   Ref:      5' ttTTGTTCCTTTATGGGTCAg 3'

   Energy:  -21.790001 kCal/Mol

