   Forward:	Score: 159.000000  Q:2 to 19  R:1632 to 1653 Align Len (18) (83.33%) (83.33%)

   Query:    3' uguaGCA-AUGGUCUGUCACAAu 5'

   Ref:      5' cctcCGTCTA-CACACAGTGTTc 3'

   Energy:  -16.190001 kCal/Mol

