   Forward:	Score: 166.000000  Q:2 to 19  R:1697 to 1718 Align Len (17) (76.47%) (88.24%)

   Query:    3' aacgGGAGAGUUGGGUCGAAAa 5'

   Ref:      5' gccaCCTCCCTGTCCAGCTTTg 3'

   Energy:  -22.270000 kCal/Mol

