   Forward:	Score: 148.000000  Q:2 to 18  R:4353 to 4375 Align Len (17) (70.59%) (76.47%)

   Query:    3' cuugaACGAU-UUUUACGUCUUa 5'

   Ref:      5' aagaaTACTGTAACTTGCAGAAa 3'

   Energy:  -11.790000 kCal/Mol

