   Forward:	Score: 152.000000  Q:2 to 13  R:895 to 916 Align Len (11) (90.91%) (90.91%)

   Query:    3' ugggagauuuUCCUUCGUGAAa 5'

   Ref:      5' aaacttgtttAGAAAGCACTTt 3'

   Energy:  -15.310000 kCal/Mol

