   Forward:	Score: 151.000000  Q:2 to 16  R:666 to 687 Align Len (14) (78.57%) (78.57%)

   Query:    3' ucgcccuGAAACUCCCGGUCAa 5'

   Ref:      5' ttttcctCTCTTCGGGCCAGTc 3'

   Energy:  -16.719999 kCal/Mol

