   Forward:	Score: 154.000000  Q:2 to 18  R:137 to 157 Align Len (16) (75.00%) (87.50%)

   Query:    3' ugugggGUUUUAGCUUCGUGAAg 5'

   Ref:      5' gccgggCGAAG--GAAGCACTTc 3'

   Energy:  -20.980000 kCal/Mol

