   Forward:	Score: 141.000000  Q:2 to 11  R:1090 to 1112 Align Len (10) (90.00%) (90.00%)

   Query:    3' guguuugguaauAC-ACGACGAu 5'

   Ref:      5' gcatgggtctccTGATGCTGCTg 3'

   Energy:  -18.959999 kCal/Mol

