   Forward:	Score: 147.000000  Q:2 to 18  R:821 to 841 Align Len (16) (75.00%) (75.00%)

   Query:    3' ugacgGACAGACACGGACGACa 5'

   Ref:      5' gaaaaCTG-CAATACCTGCTGc 3'

   Energy:  -18.170000 kCal/Mol

