   Forward:	Score: 152.000000  Q:2 to 19  R:4349 to 4367 Align Len (17) (70.59%) (82.35%)

   Query:    3' gcGGAGAGUCGGGUCGAAAa 5'

   Ref:      5' ggCTATTCA-CACAGCTTTt 3'

   Energy:  -16.790001 kCal/Mol

