   Forward:	Score: 153.000000  Q:2 to 14  R:2939 to 2955 Align Len (12) (83.33%) (91.67%)

   Query:    3' guggACUUAAUGAACUu 5'

   Ref:      5' caggTTGATTACTTGAa 3'

   Energy:  -14.000000 kCal/Mol

