   Forward:	Score: 163.000000  Q:2 to 20  R:109 to 129 Align Len (18) (72.22%) (83.33%)

   Query:    3' acGUUACGUUGAUGUUACGUg 5'

   Ref:      5' taCAAGGACGTTACAATGCAc 3'

   Energy:  -18.700001 kCal/Mol

