   Forward:	Score: 151.000000  Q:2 to 18  R:554 to 575 Align Len (16) (75.00%) (81.25%)

   Query:    3' gauugaCGUGAUCUACGUGGAAu 5'

   Ref:      5' gtgggaGC-CAAGGAGCACCTTg 3'

   Energy:  -17.809999 kCal/Mol

