   Forward:	Score: 160.000000  Q:2 to 22  R:3691 to 3714 Align Len (21) (71.43%) (76.19%)

   Query:    3' cgUUAGUCGA-UUGAUGUGACGGa 5'

   Ref:      5' ctACTCAGTTCTCCTCCACTGCCt 3'

   Energy:  -22.010000 kCal/Mol

