   Forward:	Score: 140.000000  Q:2 to 9  R:1176 to 1198 Align Len (7) (100.00%) (100.00%)

   Query:    3' gaugauuuuguaccuUCGUGAAu 5'

   Ref:      5' tttgtaattttcctcAGCACTTt 3'

   Energy:  -8.620000 kCal/Mol

