   Forward:	Score: 148.000000  Q:2 to 17  R:2993 to 3013 Align Len (15) (80.00%) (86.67%)

   Query:    3' uguuuGGUGUCACACGACGAc 5'

   Ref:      5' tttttCCACTGTTTGTTGCTt 3'

   Energy:  -17.870001 kCal/Mol

