   Forward:	Score: 162.000000  Q:2 to 19  R:301 to 323 Align Len (17) (70.59%) (88.24%)

   Query:    3' cgaaaCUGUUAUGAUAACGUGAc 5'

   Ref:      5' gcagaGATCGTGCCATTGCACTt 3'

   Energy:  -15.380000 kCal/Mol

