   Forward:	Score: 160.000000  Q:2 to 17  R:123 to 145 Align Len (15) (73.33%) (93.33%)

   Query:    3' ugaguggCUGUCGCAACUUACAa 5'

   Ref:      5' gcctcgaGATGGTGGTGAATGTg 3'

   Energy:  -21.490000 kCal/Mol

