   Forward:	Score: 157.000000  Q:2 to 18  R:4230 to 4251 Align Len (16) (75.00%) (81.25%)

   Query:    3' aacggGAGAGUUGGGUCGAAAa 5'

   Ref:      5' tttggCTATTCACACAGCTTTt 3'

   Energy:  -16.969999 kCal/Mol

