   Forward:	Score: 156.000000  Q:2 to 13  R:481 to 502 Align Len (11) (90.91%) (100.00%)

   Query:    3' uugauauguuGGAGGAUGGAGu 5'

   Ref:      5' tcgtcattgtCCTTCTACCTCa 3'

   Energy:  -22.790001 kCal/Mol

