   Forward:	Score: 154.000000  Q:2 to 20  R:831 to 853 Align Len (19) (68.42%) (78.95%)

   Query:    3' cccAUUAGUGAC-CGUUACACUa 5'

   Ref:      5' cctTAAATTCTGATTAATGTGAt 3'

   Energy:  -13.860000 kCal/Mol

