   Forward:	Score: 144.000000  Q:2 to 20  R:2677 to 2695 Align Len (18) (61.11%) (77.78%)

   Query:    3' ggUAGACUGUGGUUCAGGUCa 5'

   Ref:      5' gtATTAGGGA--GAGTCCAGc 3'

   Energy:  -14.840000 kCal/Mol

