   Forward:	Score: 141.000000  Q:2 to 10  R:1561 to 1579 Align Len (8) (87.50%) (100.00%)

   Query:    3' aagacggaggUUCAGGUCa 5'

   Ref:      5' gataggaaaaGAGTCCAGg 3'

   Energy:  -12.650000 kCal/Mol

