   Forward:	Score: 144.000000  Q:2 to 20  R:558 to 576 Align Len (18) (61.11%) (77.78%)

   Query:    3' cgUUCGGGUCUGGCGUUUUUc 5'

   Ref:      5' aaAATTTCTG--TGCAAAAAc 3'

   Energy:  -6.660000 kCal/Mol

