   Forward:	Score: 140.000000  Q:2 to 9  R:128 to 149 Align Len (7) (100.00%) (100.00%)

   Query:    3' cgacguggucggacGGACGACu 5'

   Ref:      5' atactctggggaaaCCTGCTGc 3'

   Energy:  -16.990000 kCal/Mol

