   Forward:	Score: 144.000000  Q:2 to 15  R:3183 to 3208 Align Len (17) (76.47%) (76.47%)

   Query:    3' gugaccauGUUC-CC---AACCCUCu 5'

   Ref:      5' ccttctctCAAGTGGCATTTGGGAGt 3'

   Energy:  -18.360001 kCal/Mol

