   Forward:	Score: 161.000000  Q:2 to 20  R:1036 to 1057 Align Len (18) (77.78%) (83.33%)

   Query:    3' acuaUCGGGACAUGUUACGACGa 5'

   Ref:      5' tcccATTCCTTTAC-ATGCTGCg 3'

   Energy:  -18.150000 kCal/Mol

