   Forward:	Score: 146.000000  Q:2 to 22  R:2987 to 3007 Align Len (20) (60.00%) (75.00%)

   Query:    3' gaUGAUUUUGUACCUUCGUGAAu 5'

   Ref:      5' ggGCTCTGGCAT--CAGCACTTt 3'

   Energy:  -14.280000 kCal/Mol

