   Forward:	Score: 150.000000  Q:2 to 20  R:2888 to 2912 Align Len (20) (65.00%) (75.00%)

   Query:    3' gaugGACGUGCUUG--UCGUGAAAc 5'

   Ref:      5' ctgaCAGAATGTGCTTAGCACTTTt 3'

   Energy:  -15.050000 kCal/Mol

