   Forward:	Score: 147.000000  Q:2 to 20  R:969 to 987 Align Len (18) (66.67%) (77.78%)

   Query:    3' gugAGAUUUCCCUCCGUGAAAc 5'

   Ref:      5' ttgTTTAGA---AAGCACTTTg 3'

   Energy:  -12.880000 kCal/Mol

