   Forward:	Score: 168.000000  Q:2 to 18  R:4125 to 4147 Align Len (17) (88.24%) (88.24%)

   Query:    3' ucgggUUUUCC-UCUUAAGAAAc 5'

   Ref:      5' aaaaaAAAAGGCTGAATTCTTTt 3'

   Energy:  -15.190000 kCal/Mol

