   Forward:	Score: 151.000000  Q:3 to 21  R:198 to 220 Align Len (19) (78.95%) (84.21%)

   Query:    3' ccUCUCGGAGGU-GGGUUGGGag 5'

   Ref:      5' agAAAGCCTTCAGCGCAACCCaa 3'

   Energy:  -27.049999 kCal/Mol

