   Forward:	Score: 147.000000  Q:2 to 16  R:99 to 120 Align Len (14) (64.29%) (85.71%)

   Query:    3' uugauauGUUGGAGGAUGGAGu 5'

   Ref:      5' tctgactCAGATATCTACCTCg 3'

   Energy:  -20.030001 kCal/Mol

