   Forward:	Score: 148.000000  Q:2 to 22  R:1130 to 1153 Align Len (21) (57.14%) (76.19%)

   Query:    3' ugGGUGGCUGUUGU-UACUUACAa 5'

   Ref:      5' atTTACTTTTAAAACTTGAATGTa 3'

   Energy:  -12.710000 kCal/Mol

