   Forward:	Score: 143.000000  Q:2 to 20  R:49 to 69 Align Len (18) (66.67%) (77.78%)

   Query:    3' ccUUUAGGGACCGUUACACUa 5'

   Ref:      5' gtAAAGCATTGAAGATGTGAc 3'

   Energy:  -10.780000 kCal/Mol

