   Forward:	Score: 151.000000  Q:2 to 16  R:551 to 569 Align Len (14) (71.43%) (85.71%)

   Query:    3' aagaCGGAGGUUCAGGUCa 5'

   Ref:      5' cgagGCTGTCTAGTCCAGg 3'

   Energy:  -20.480000 kCal/Mol

