   Forward:	Score: 154.000000  Q:2 to 19  R:942 to 960 Align Len (17) (82.35%) (82.35%)

   Query:    3' uguUUGGUGUCACACGACGAc 5'

   Ref:      5' tttAACCAC-CT-TGCTGCTg 3'

   Energy:  -22.000000 kCal/Mol

