   Forward:	Score: 146.000000  Q:2 to 19  R:1905 to 1926 Align Len (17) (64.71%) (88.24%)

   Query:    3' ugggUGGUUUCUCUUCGUGAAa 5'

   Ref:      5' tgtgACTGTTGAGGAGTACTTa 3'

   Energy:  -17.620001 kCal/Mol

