   Forward:	Score: 140.000000  Q:3 to 21  R:134 to 155 Align Len (18) (72.22%) (72.22%)

   Query:    3' ucCGCUUCCUACUGUUUCCCuu 5'

   Ref:      5' aaGCAAAGAAAGTGAAAGGGtc 3'

   Energy:  -12.030000 kCal/Mol

