   Forward:	Score: 147.000000  Q:2 to 17  R:656 to 679 Align Len (16) (81.25%) (87.50%)

   Query:    3' gaagacaGAGAAAA-GAGAGAGGu 5'

   Ref:      5' acttccaCACTTTTCCTCTCTTCg 3'

   Energy:  -22.719999 kCal/Mol

