   Forward:	Score: 140.000000  Q:2 to 14  R:193 to 210 Align Len (13) (84.62%) (92.31%)

   Query:    3' augaCGGA-AAGAGAGGu 5'

   Ref:      5' caagGCCTGTTCTTTCCa 3'

   Energy:  -19.440001 kCal/Mol

