   Forward:	Score: 141.000000  Q:2 to 10  R:1572 to 1590 Align Len (8) (87.50%) (100.00%)

   Query:    3' aggacugaggUUCAGGUCa 5'

   Ref:      5' gataggaaaaGAGTCCAGg 3'

   Energy:  -14.630000 kCal/Mol

