   Forward:	Score: 150.000000  Q:2 to 11  R:307 to 323 Align Len (9) (100.00%) (100.00%)

   Query:    3' guggacuUAAUGAACUu 5'

   Ref:      5' tgtatttATTACTTGAt 3'

   Energy:  -10.560000 kCal/Mol

