   Forward:	Score: 141.000000  Q:2 to 14  R:1570 to 1592 Align Len (12) (75.00%) (75.00%)

   Query:    3' gaagacagagAAAAGAGAGAGGu 5'

   Ref:      5' tgctgagagaTTGGGTCTCTCCa 3'

   Energy:  -17.340000 kCal/Mol

