   Forward:	Score: 156.000000  Q:2 to 17  R:123 to 145 Align Len (15) (60.00%) (100.00%)

   Query:    3' uggguggCUGUUGUUACUUACAa 5'

   Ref:      5' gcctcgaGATGGTGGTGAATGTg 3'

   Energy:  -20.040001 kCal/Mol

