   Forward:	Score: 164.000000  Q:2 to 21  R:5570 to 5591 Align Len (19) (73.68%) (78.95%)

   Query:    3' guGUUUGGUAAUACACGACGAu 5'

   Ref:      5' tgCATACTTATATTTGCTGCTg 3'

   Energy:  -16.809999 kCal/Mol

