   Forward:	Score: 157.000000  Q:2 to 21  R:8460 to 8481 Align Len (20) (70.00%) (85.00%)

   Query:    3' gcUUCCG-UUGUGCCUAUUGGAu 5'

   Ref:      5' gtAGGGTGGACTC-GATAACCTg 3'

   Energy:  -18.049999 kCal/Mol

