   Forward:	Score: 148.000000  Q:2 to 18  R:2020 to 2042 Align Len (17) (70.59%) (76.47%)

   Query:    3' ugggaGAUUUU-CCUUCGUGAAa 5'

   Ref:      5' cacgcCTGAAATCCCAGCACTTt 3'

   Energy:  -15.890000 kCal/Mol

