   Forward:	Score: 155.000000  Q:2 to 16  R:449 to 468 Align Len (14) (78.57%) (85.71%)

   Query:    3' gcggaGAGUCGGGUCGAAAa 5'

   Ref:      5' cacggCTCTTCTCAGCTTTg 3'

   Energy:  -22.230000 kCal/Mol

