   Forward:	Score: 150.000000  Q:2 to 16  R:547 to 569 Align Len (15) (73.33%) (86.67%)

   Query:    3' cggaagaCUGA-GGUUCAGGUCa 5'

   Ref:      5' ccggcgaGGCTGTCTAGTCCAGg 3'

   Energy:  -19.080000 kCal/Mol

