   Forward:	Score: 145.000000  Q:2 to 10  R:16385 to 16406 Align Len (8) (100.00%) (100.00%)

   Query:    3' gaaggucagccccUACAAAUGu 5'

   Ref:      5' atttgaaatattaATGTTTACc 3'

   Energy:  -8.380000 kCal/Mol

