   Forward:	Score: 150.000000  Q:3 to 19  R:11672 to 11693 Align Len (16) (81.25%) (87.50%)

   Query:    3' gaagGUCAGCUCCUACAAAUgu 5'

   Ref:      5' gggaCTGTTGAGCATGTTTAat 3'

   Energy:  -16.690001 kCal/Mol

