   Forward:	Score: 143.000000  Q:2 to 20  R:22 to 42 Align Len (18) (61.11%) (66.67%)

   Query:    3' ccUUUAGGGACCGUUACACUa 5'

   Ref:      5' acAAGCACCCCCAAATGTGAa 3'

   Energy:  -13.360000 kCal/Mol

