   Forward:	Score: 154.000000  Q:2 to 16  R:549 to 569 Align Len (15) (80.00%) (86.67%)

   Query:    3' gaagaCCGA-GGUUCAGGUCa 5'

   Ref:      5' ggcgaGGCTGTCTAGTCCAGg 3'

   Energy:  -19.860001 kCal/Mol

