   Forward:	Score: 140.000000  Q:2 to 21  R:4013 to 4035 Align Len (19) (68.42%) (84.21%)

   Query:    3' uggGUGGCUGUCGUUACUUACAa 5'

   Ref:      5' ttgCATCTGCAGTATTGCATGTt 3'

   Energy:  -17.610001 kCal/Mol

