   Forward:	Score: 151.000000  Q:2 to 16  R:2762 to 2781 Align Len (14) (71.43%) (85.71%)

   Query:    3' ugggaGAGUUGGGUCGAAAa 5'

   Ref:      5' tacagCACAGTGCAGCTTTg 3'

   Energy:  -14.890000 kCal/Mol

