   Forward:	Score: 144.000000  Q:2 to 18  R:1438 to 1460 Align Len (19) (68.42%) (68.42%)

   Query:    3' gacCUCCUUC---CCGGGUCUCc 5'

   Ref:      5' aacGAGGTAGACCCTCCCAGAGa 3'

   Energy:  -19.110001 kCal/Mol

