   Forward:	Score: 155.000000  Q:2 to 22  R:2092 to 2113 Align Len (20) (70.00%) (75.00%)

   Query:    3' gaUGGACGUGAUAUUCGUGAAAu 5'

   Ref:      5' ttACC-CCACCACTGGCACTTTc 3'

   Energy:  -16.799999 kCal/Mol

