   Forward:	Score: 141.000000  Q:3 to 19  R:1950 to 1973 Align Len (18) (72.22%) (83.33%)

   Query:    3' gugaAUCGUC--CAACAUAAUAua 5'

   Ref:      5' ctgaTGGTAGCTTTTGTATTATca 3'

   Energy:  -12.360000 kCal/Mol

