   Forward:	Score: 149.000000  Q:2 to 20  R:180 to 200 Align Len (18) (66.67%) (77.78%)

   Query:    3' uccUUUGGUCGUUCACAACUGc 5'

   Ref:      5' gctGGAGCAGC-TCTGTTGACc 3'

   Energy:  -17.690001 kCal/Mol

