   Forward:	Score: 143.000000  Q:3 to 21  R:103 to 126 Align Len (19) (73.68%) (78.95%)

   Query:    3' aguAUCGGG-ACAUGUUACGACga 5'

   Ref:      5' accTACCCCTTGGCTAATGCTGgg 3'

   Energy:  -18.290001 kCal/Mol

