   Forward:	Score: 155.000000  Q:2 to 20  R:1007 to 1028 Align Len (18) (66.67%) (77.78%)

   Query:    3' gaaGGUCAGCUCCUACAAAUGu 5'

   Ref:      5' ttaTTAATCTATGTTGTTTACt 3'

   Energy:  -8.390000 kCal/Mol

