   Forward:	Score: 143.000000  Q:3 to 21  R:2041 to 2067 Align Len (23) (69.57%) (73.91%)

   Query:    3' ugACCCUGAA-----ACAUCCGGUCaa 5'

   Ref:      5' gaTGGGATTTCACCATGTTGGCCAGgc 3'

   Energy:  -24.709999 kCal/Mol

