   Forward:	Score: 153.000000  Q:3 to 18  R:4009 to 4030 Align Len (15) (86.67%) (93.33%)

   Query:    3' cuugaACGAUUUUUACGUCUua 5'

   Ref:      5' gaaggTGTTAATAATGCAGAtt 3'

   Energy:  -17.930000 kCal/Mol

