   Forward:	Score: 156.000000  Q:2 to 13  R:353 to 374 Align Len (11) (90.91%) (100.00%)

   Query:    3' uguggcuccuCGGGUAGUACUa 5'

   Ref:      5' agttctatctGCCTATCATGAa 3'

   Energy:  -17.670000 kCal/Mol

