   Forward:	Score: 143.000000  Q:2 to 22  R:496 to 517 Align Len (20) (55.00%) (75.00%)

   Query:    3' ugCGAGUUUACAGCGUCGUGAAa 5'

   Ref:      5' atGCCTGGCACTC-TAGCACTTg 3'

   Energy:  -13.960000 kCal/Mol

