   Forward:	Score: 161.000000  Q:2 to 20  R:1655 to 1674 Align Len (18) (72.22%) (88.89%)

   Query:    3' cuGGUUCUUUAUCGGAAAGUu 5'

   Ref:      5' gaCCCGGGGA-AGCCTTTCAg 3'

   Energy:  -25.270000 kCal/Mol

