   Forward:	Score: 154.000000  Q:2 to 15  R:1904 to 1922 Align Len (13) (84.62%) (84.62%)

   Query:    3' aggagAGUUGGGUCGAAAa 5'

   Ref:      5' ggaaaTCAAAGCAGCTTTa 3'

   Energy:  -12.430000 kCal/Mol

