   Forward:	Score: 150.000000  Q:2 to 11  R:496 to 517 Align Len (9) (100.00%) (100.00%)

   Query:    3' gugagauuucccUCCGUGAAAc 5'

   Ref:      5' cacctgggatttAGGCACTTTc 3'

   Energy:  -18.590000 kCal/Mol

