   Forward:	Score: 158.000000  Q:2 to 19  R:5426 to 5448 Align Len (17) (70.59%) (82.35%)

   Query:    3' ugaccUCUGUGCACGUGACAUCu 5'

   Ref:      5' attcaAAGCATCTGAACTGTAGt 3'

   Energy:  -14.450000 kCal/Mol

