   Forward:	Score: 147.000000  Q:2 to 22  R:7378 to 7399 Align Len (20) (65.00%) (70.00%)

   Query:    3' agGUAUUUCAUCCUUUGUGAUGu 5'

   Ref:      5' tgTATTAA-TATTTTACACTACc 3'

   Energy:  -9.730000 kCal/Mol

