   Forward:	Score: 141.000000  Q:2 to 22  R:2635 to 2657 Align Len (20) (70.00%) (80.00%)

   Query:    3' cgCGGGUUAAUUACAGACAACUa 5'

   Ref:      5' caGCAAAGTTAGTTTCTTTTGAg 3'

   Energy:  -14.850000 kCal/Mol

