   Forward:	Score: 147.000000  Q:3 to 21  R:1162 to 1184 Align Len (19) (78.95%) (78.95%)

   Query:    3' gcGGUUA-UAAAUGCACGACGau 5'

   Ref:      5' tcCCATTCCTTTACATGCTGCgg 3'

   Energy:  -15.900000 kCal/Mol

