   Forward:	Score: 143.000000  Q:2 to 17  R:5810 to 5831 Align Len (16) (68.75%) (75.00%)

   Query:    3' uguccGGUAGAC-ACAAUAUAa 5'

   Ref:      5' ctcaaCCAGTAGCAGTTATATt 3'

   Energy:  -10.100000 kCal/Mol

