   Forward:	Score: 156.000000  Q:2 to 18  R:2207 to 2230 Align Len (17) (76.47%) (82.35%)

   Query:    3' ugugggGUU-UUAGCUUCGUGAAg 5'

   Ref:      5' gccaggCAGTATTCTAAGCACTTt 3'

   Energy:  -17.120001 kCal/Mol

