   Forward:	Score: 155.000000  Q:2 to 20  R:1047 to 1068 Align Len (18) (61.11%) (83.33%)

   Query:    3' gguAGAAAUGGUCUGUCACAAu 5'

   Ref:      5' ggcTTGTTGTTTTACAGTGTTa 3'

   Energy:  -15.280000 kCal/Mol

