   Forward:	Score: 146.000000  Q:2 to 20  R:1181 to 1203 Align Len (19) (73.68%) (78.95%)

   Query:    3' ugaCGGAC-AGACACGGACGACa 5'

   Ref:      5' tggGCCTGATGTCTCCCTGTTGa 3'

   Energy:  -22.110001 kCal/Mol

