   Forward:	Score: 155.000000  Q:2 to 17  R:739 to 762 Align Len (17) (76.47%) (82.35%)

   Query:    3' uacgggAAAGUAG--UAACGUGAc 5'

   Ref:      5' atctaaTTTGATTAAATTGCACTc 3'

   Energy:  -11.050000 kCal/Mol

