   Forward:	Score: 141.000000  Q:2 to 22  R:1886 to 1908 Align Len (20) (65.00%) (70.00%)

   Query:    3' agGUAUUUCAUCCUUUGUGAUGu 5'

   Ref:      5' gcCATTATCCAACAAACACTATa 3'

   Energy:  -16.670000 kCal/Mol

