   Forward:	Score: 161.000000  Q:2 to 19  R:1591 to 1614 Align Len (19) (78.95%) (78.95%)

   Query:    3' agugUCAACGGUC--GACUCUAAu 5'

   Ref:      5' tgcaAGTATCCAGCTCTGAGATTc 3'

   Energy:  -18.920000 kCal/Mol

