   Forward:	Score: 155.000000  Q:2 to 19  R:3108 to 3126 Align Len (17) (70.59%) (88.24%)

   Query:    3' uagACGUGACAGUCGUGAAAu 5'

   Ref:      5' gaaTGTGC--TTAGCACTTTt 3'

   Energy:  -15.020000 kCal/Mol

