   Forward:	Score: 148.000000  Q:2 to 17  R:2349 to 2369 Align Len (15) (66.67%) (80.00%)

   Query:    3' uguuuGGUGUCACACGACGAc 5'

   Ref:      5' atatcCTGCAACCTGCTGCTc 3'

   Energy:  -13.860000 kCal/Mol

