   Forward:	Score: 145.000000  Q:2 to 21  R:1781 to 1802 Align Len (20) (75.00%) (80.00%)

   Query:    3' agUGGUAACGAU-UUCACGUUAa 5'

   Ref:      5' gaAACA-TCCTATAAGTGTAATa 3'

   Energy:  -13.640000 kCal/Mol

