   Forward:	Score: 148.000000  Q:2 to 21  R:2280 to 2302 Align Len (21) (66.67%) (80.95%)

   Query:    3' uuGUUAUGUUGA-AU-GAUGGAGu 5'

   Ref:      5' agTAATG-AGCTACACCTACCTCa 3'

   Energy:  -17.940001 kCal/Mol

