   Forward:	Score: 147.000000  Q:2 to 18  R:189 to 210 Align Len (16) (68.75%) (81.25%)

   Query:    3' caccauUAGGGACCGUUACACUa 5'

   Ref:      5' agtgccATGTCT-TTAATGTGAg 3'

   Energy:  -14.390000 kCal/Mol

