   Forward:	Score: 145.000000  Q:2 to 19  R:597 to 619 Align Len (18) (72.22%) (83.33%)

   Query:    3' gcuuAGGUGGUGC-UUGUUGAAg 5'

   Ref:      5' ttgtTTAACCTCGAAACAATTTg 3'

   Energy:  -13.850000 kCal/Mol

