   Forward:	Score: 177.000000  Q:2 to 18  R:2099 to 2121 Align Len (16) (93.75%) (93.75%)

   Query:    3' gggucgAUCUAACAUUCGAGGAa 5'

   Ref:      5' ctccaaTAGAATGTAAGCTCCTt 3'

   Energy:  -28.530001 kCal/Mol

