   Forward:	Score: 160.000000  Q:2 to 17  R:8285 to 8306 Align Len (15) (80.00%) (86.67%)

   Query:    3' gugagaUUUCCCUCCGUGAAAc 5'

   Ref:      5' aggaagGAAGGTTGGCACTTTc 3'

   Energy:  -18.070000 kCal/Mol

