   Forward:	Score: 149.000000  Q:2 to 20  R:900 to 919 Align Len (18) (66.67%) (77.78%)

   Query:    3' agCCGUAGAUGUGAACGUGAc 5'

   Ref:      5' gaGGAAACCA-GTTTGCACTa 3'

   Energy:  -12.220000 kCal/Mol

