   Forward:	Score: 154.000000  Q:2 to 18  R:837 to 858 Align Len (17) (76.47%) (88.24%)

   Query:    3' uacccUGUAGGAUG-UAUACGUu 5'

   Ref:      5' cattaATAT-TTACTATATGCAa 3'

   Energy:  -12.950000 kCal/Mol

