   Forward:	Score: 140.000000  Q:2 to 9  R:527 to 547 Align Len (7) (100.00%) (100.00%)

   Query:    3' cgguuauaaagacACGACGAu 5'

   Ref:      5' tcctgccaatagaTGCTGCTc 3'

   Energy:  -18.110001 kCal/Mol

