   Forward:	Score: 151.000000  Q:2 to 18  R:723 to 746 Align Len (20) (75.00%) (75.00%)

   Query:    3' gacCUCCUU---C-CCGGGUCUCc 5'

   Ref:      5' gacGAGGAAACTGAGACCCAGAGc 3'

   Energy:  -19.879999 kCal/Mol

