   Forward:	Score: 140.000000  Q:2 to 9  R:3104 to 3125 Align Len (7) (100.00%) (100.00%)

   Query:    3' ugggugguuucucuUCGUGAAa 5'

   Ref:      5' gacagaatgtgcttAGCACTTt 3'

   Energy:  -12.330000 kCal/Mol

