   Forward:	Score: 150.000000  Q:2 to 22  R:4756 to 4782 Align Len (24) (66.67%) (75.00%)

   Query:    3' ugUGA--GU-UUGUAC-CUUCGUGAAu 5'

   Ref:      5' gcACTGACAGAATGTGCTTAGCACTTt 3'

   Energy:  -17.719999 kCal/Mol

