   Forward:	Score: 153.000000  Q:2 to 20  R:18694 to 18714 Align Len (18) (77.78%) (88.89%)

   Query:    3' caaGAUCUAUACUUCUGUUAGu 5'

   Ref:      5' gagCAAGGT-TGAAGATAATCt 3'

   Energy:  -17.790001 kCal/Mol

