   Forward:	Score: 140.000000  Q:2 to 9  R:1576 to 1592 Align Len (7) (100.00%) (100.00%)

   Query:    3' augacggaaAGAGAGGu 5'

   Ref:      5' gagattgggTCTCTCCa 3'

   Energy:  -16.670000 kCal/Mol

