   Forward:	Score: 164.000000  Q:2 to 18  R:1364 to 1386 Align Len (17) (82.35%) (88.24%)

   Query:    3' uggucGA-UUGUUAUGUGACGGu 5'

   Ref:      5' cccttCTGAAGAATGCACTGCCt 3'

   Energy:  -23.790001 kCal/Mol

