   Forward:	Score: 150.000000  Q:2 to 11  R:381 to 401 Align Len (9) (100.00%) (100.00%)

   Query:    3' cucgaugucacGAAGUAGAGu 5'

   Ref:      5' cccataactcaCTTCATCTCa 3'

   Energy:  -16.600000 kCal/Mol

