   Forward:	Score: 143.000000  Q:2 to 22  R:10593 to 10617 Align Len (22) (63.64%) (68.18%)

   Query:    3' cuUGUCCAU-CAGACU-UGUGACCc 5'

   Ref:      5' atACTGTAACGATAGAGACACTGGg 3'

   Energy:  -20.490000 kCal/Mol

