   Forward:	Score: 160.000000  Q:2 to 13  R:849 to 871 Align Len (11) (100.00%) (100.00%)

   Query:    3' ucccuaaggacCCUUUUGACCUg 5'

   Ref:      5' aagtttgaagtGGAAAACTGGAa 3'

   Energy:  -19.610001 kCal/Mol

