   Forward:	Score: 154.000000  Q:2 to 20  R:714 to 736 Align Len (19) (73.68%) (73.68%)

   Query:    3' aguAGUAAU-GGUCCGUCAUAAu 5'

   Ref:      5' accTAAATATCCACTCAGTATTg 3'

   Energy:  -12.840000 kCal/Mol

