   Forward:	Score: 149.000000  Q:2 to 19  R:5359 to 5380 Align Len (19) (68.42%) (73.68%)

   Query:    3' ccGUUUCUU--CCUUGUAAGGa 5'

   Ref:      5' ttTAAATAAACCAAACATTCCa 3'

   Energy:  -9.310000 kCal/Mol

