   Forward:	Score: 142.000000  Q:2 to 15  R:363 to 384 Align Len (13) (69.23%) (76.92%)

   Query:    3' gagccccgUCGAGUCAUGUCCu 5'

   Ref:      5' agtacccaAGAGGGGTACAGGc 3'

   Energy:  -14.400000 kCal/Mol

