   Forward:	Score: 150.000000  Q:2 to 11  R:325 to 345 Align Len (9) (100.00%) (100.00%)

   Query:    3' uguaccaaucuAGUUCGUGUu 5'

   Ref:      5' actaaacacttTCAAGCACAg 3'

   Energy:  -14.040000 kCal/Mol

