   Forward:	Score: 157.000000  Q:2 to 20  R:1048 to 1068 Align Len (18) (77.78%) (77.78%)

   Query:    3' uguUUCAAGACAUCACGUGACu 5'

   Ref:      5' agtAAGGGC-GCAGTGCACTGg 3'

   Energy:  -20.610001 kCal/Mol

