   Forward:	Score: 146.000000  Q:2 to 15  R:2017 to 2038 Align Len (13) (61.54%) (92.31%)

   Query:    3' accacuaaGUGUUUCUUUAGGu 5'

   Ref:      5' cttgaagaCCTGGGGAAATCCc 3'

   Energy:  -12.890000 kCal/Mol

