   Forward:	Score: 140.000000  Q:2 to 9  R:738 to 758 Align Len (7) (100.00%) (100.00%)

   Query:    3' cugguucuuuaucGGAAAGUu 5'

   Ref:      5' gcacagacaccctCCTTTCAa 3'

   Energy:  -12.090000 kCal/Mol

