   Forward:	Score: 152.000000  Q:2 to 19  R:1575 to 1593 Align Len (17) (76.47%) (76.47%)

   Query:    3' caAACUAUUUGACUGUGUUg 5'

   Ref:      5' ctTTGA-ATCCGGACACAAa 3'

   Energy:  -12.080000 kCal/Mol

