   Forward:	Score: 168.000000  Q:2 to 17  R:31044 to 31065 Align Len (15) (86.67%) (93.33%)

   Query:    3' uugauaUGUUGGAGGAUGGAGu 5'

   Ref:      5' ttcacgACATTCTCCTACCTCa 3'

   Energy:  -27.400000 kCal/Mol

