   Forward:	Score: 151.000000  Q:2 to 16  R:300 to 321 Align Len (14) (78.57%) (78.57%)

   Query:    3' ugccuucCCGUCUCUCCCGGUc 5'

   Ref:      5' cctgcttGGCTCAAAGGGCCAg 3'

   Energy:  -21.790001 kCal/Mol

