   Forward:	Score: 145.000000  Q:2 to 18  R:1342 to 1363 Align Len (16) (68.75%) (87.50%)

   Query:    3' guguuUGGUAAUACACGACGAu 5'

   Ref:      5' tggctGTCAATTTGTGTTGCTg 3'

   Energy:  -16.690001 kCal/Mol

