   Forward:	Score: 151.000000  Q:3 to 20  R:250 to 271 Align Len (17) (76.47%) (88.24%)

   Query:    3' uguCAAGAAGUUGACCGUCGaa 5'

   Ref:      5' gctGTTTTAGAGCTGGCAGCag 3'

   Energy:  -22.740000 kCal/Mol

