   Forward:	Score: 162.000000  Q:2 to 21  R:4353 to 4373 Align Len (19) (73.68%) (84.21%)

   Query:    3' agUCUGGCUCUGUUCACGUUAc 5'

   Ref:      5' caGGAAGGAG-CGAGTGCAATt 3'

   Energy:  -22.820000 kCal/Mol

