   Forward:	Score: 152.000000  Q:2 to 19  R:1809 to 1830 Align Len (17) (76.47%) (76.47%)

   Query:    3' ugggaUAUUCGUUAUAACGUGAu 5'

   Ref:      5' ccgagATCA-CACCATTGCACTc 3'

   Energy:  -11.040000 kCal/Mol

