   Forward:	Score: 150.000000  Q:2 to 22  R:4324 to 4344 Align Len (20) (70.00%) (70.00%)

   Query:    3' cgACUCUCACAUCCUACAAAUGu 5'

   Ref:      5' ttTGAAATATTA--ATGTTTACc 3'

   Energy:  -7.730000 kCal/Mol

