   Forward:	Score: 155.000000  Q:2 to 20  R:394 to 415 Align Len (18) (66.67%) (77.78%)

   Query:    3' aguCCUUGACGGAAAGAGAGGu 5'

   Ref:      5' cgtGGTGTCTCATTTCTCTCCc 3'

   Energy:  -17.080000 kCal/Mol

