   Forward:	Score: 150.000000  Q:2 to 22  R:1217 to 1237 Align Len (20) (65.00%) (75.00%)

   Query:    3' gaUGGACGUGAUACUCGUGAAAc 5'

   Ref:      5' tgATTCCCACTTT--GCACTTTa 3'

   Energy:  -13.240000 kCal/Mol

