   Forward:	Score: 150.000000  Q:2 to 18  R:295 to 315 Align Len (16) (75.00%) (81.25%)

   Query:    3' gccggaCUAAGUGUUGUGGUCGa 5'

   Ref:      5' gcggacGGTTGAC--CACCAGCc 3'

   Energy:  -24.200001 kCal/Mol

