   Forward:	Score: 162.000000  Q:2 to 19  R:138 to 160 Align Len (17) (76.47%) (82.35%)

   Query:    3' gaagaCAGAGAAAAGAGAGAGGu 5'

   Ref:      5' tgagaGTCGTCCTTCTCTCTCCc 3'

   Energy:  -21.379999 kCal/Mol

