   Forward:	Score: 147.000000  Q:2 to 12  R:1404 to 1425 Align Len (10) (90.00%) (90.00%)

   Query:    3' ugccaaaauggUCUGUCAUAAu 5'

   Ref:      5' gtggaggggtgAGTCAGTATTg 3'

   Energy:  -15.040000 kCal/Mol

