   Forward:	Score: 160.000000  Q:2 to 17  R:491 to 512 Align Len (15) (73.33%) (93.33%)

   Query:    3' uggauuAUAUAGUUUGUAUAGu 5'

   Ref:      5' gtgtctTGTCTTAGACATATCt 3'

   Energy:  -13.570000 kCal/Mol

