   Forward:	Score: 160.000000  Q:2 to 19  R:1529 to 1548 Align Len (17) (76.47%) (88.24%)

   Query:    3' agcCGUAGAUGUGAACGUGAc 5'

   Ref:      5' tctGAATTTA-ATTTGCACTa 3'

   Energy:  -12.720000 kCal/Mol

