   Forward:	Score: 151.000000  Q:2 to 12  R:1086 to 1107 Align Len (10) (90.00%) (100.00%)

   Query:    3' uacccuguaggAUGUAUACGUu 5'

   Ref:      5' agaatcgggggTATATATGCAg 3'

   Energy:  -18.209999 kCal/Mol

