   Forward:	Score: 153.000000  Q:2 to 22  R:482 to 502 Align Len (20) (70.00%) (80.00%)

   Query:    3' agUAUCGGGACAUGUUACGACGa 5'

   Ref:      5' acATGTTGCT-TAC-ATGCTGCg 3'

   Energy:  -18.150000 kCal/Mol

