   Forward:	Score: 154.000000  Q:2 to 17  R:81 to 101 Align Len (15) (80.00%) (86.67%)

   Query:    3' gaguuaUCUGACACUCGAGGAa 5'

   Ref:      5' gactcgGGCCTG-GAGCTCCTg 3'

   Energy:  -25.629999 kCal/Mol

