   Forward:	Score: 146.000000  Q:2 to 15  R:1523 to 1544 Align Len (13) (76.92%) (76.92%)

   Query:    3' cgacccacCUCUUCCACCACUu 5'

   Ref:      5' gcgctaacGATTTGGTGGTGAa 3'

   Energy:  -17.549999 kCal/Mol

