   Forward:	Score: 151.000000  Q:2 to 20  R:455 to 476 Align Len (18) (61.11%) (77.78%)

   Query:    3' aacGGGAGAGUUGGGUCGAAAa 5'

   Ref:      5' atcTCCACCAGATACAGCTTTg 3'

   Energy:  -15.620000 kCal/Mol

