   Forward:	Score: 165.000000  Q:2 to 21  R:365 to 386 Align Len (20) (80.00%) (85.00%)

   Query:    3' ucGGAUAG-GACCUAAUGAACUu 5'

   Ref:      5' acTCTCTCACT-GATTACTTGAt 3'

   Energy:  -17.770000 kCal/Mol

