   Forward:	Score: 146.000000  Q:2 to 21  R:666 to 686 Align Len (19) (63.16%) (89.47%)

   Query:    3' cgGUCGAUUGUUAUGUGACGGa 5'

   Ref:      5' aaTAGATAAT-GTGCATTGCCa 3'

   Energy:  -15.930000 kCal/Mol

