   Forward:	Score: 148.000000  Q:2 to 22  R:753 to 776 Align Len (21) (61.90%) (71.43%)

   Query:    3' agUGGUUUUGUA-CCUUCGUGAAu 5'

   Ref:      5' aaAATAAGACTTAACTAGCACTTt 3'

   Energy:  -14.070000 kCal/Mol

