   Forward:	Score: 154.000000  Q:2 to 19  R:1540 to 1563 Align Len (17) (70.59%) (76.47%)

   Query:    3' uuggggAUAGUGCUAAUCGUAAUu 5'

   Ref:      5' atataaTAATAATATCAGCATTAa 3'

   Energy:  -8.810000 kCal/Mol

