   Forward:	Score: 154.000000  Q:2 to 19  R:2892 to 2912 Align Len (17) (76.47%) (88.24%)

   Query:    3' gauggACGUGACAUUCGUGAAAa 5'

   Ref:      5' cagaaTGTGCT-T-AGCACTTTt 3'

   Energy:  -14.740000 kCal/Mol

