   Forward:	Score: 140.000000  Q:2 to 9  R:2227 to 2249 Align Len (7) (100.00%) (100.00%)

   Query:    3' uuguccguagacaacUCGAGGAu 5'

   Ref:      5' gcagtttgccctactAGCTCCTc 3'

   Energy:  -14.430000 kCal/Mol

