   Forward:	Score: 157.000000  Q:2 to 21  R:2254 to 2279 Align Len (23) (73.91%) (78.26%)

   Query:    3' aaAGU-CAAU--AGUUA-GACAGUGu 5'

   Ref:      5' tgTCATGTTATTTTTATCCTGTCACt 3'

   Energy:  -17.959999 kCal/Mol

