   Forward:	Score: 150.000000  Q:3 to 20  R:15910 to 15931 Align Len (18) (83.33%) (83.33%)

   Query:    3' aaGUC-AAUAGUGUCAUGACau 5'

   Ref:      5' tgCAGCATATAACAGTACTGcg 3'

   Energy:  -18.930000 kCal/Mol

