   Forward:	Score: 142.000000  Q:2 to 20  R:432 to 454 Align Len (20) (65.00%) (65.00%)

   Query:    3' ugUCCGGUAGAC--ACAAUAUAa 5'

   Ref:      5' tcAGCCCAAGAGAAGGTTATATt 3'

   Energy:  -13.310000 kCal/Mol

