   Forward:	Score: 142.000000  Q:2 to 11  R:309 to 330 Align Len (9) (77.78%) (100.00%)

   Query:    3' uuguaccuaaaaGGAGAUACUa 5'

   Ref:      5' ccaagtaggcagTTTCTATGAt 3'

   Energy:  -14.010000 kCal/Mol

