   Forward:	Score: 140.000000  Q:2 to 9  R:1286 to 1307 Align Len (7) (100.00%) (100.00%)

   Query:    3' ggguuguuguccuuUGAUGGAu 5'

   Ref:      5' ttgtatgagcctctACTACCTg 3'

   Energy:  -12.930000 kCal/Mol

