   Forward:	Score: 147.000000  Q:2 to 21  R:825 to 847 Align Len (20) (65.00%) (70.00%)

   Query:    3' cuUG-AACGAUUUUUACGUCUUa 5'

   Ref:      5' ggACATTTCTGTCTCTGCAGAAg 3'

   Energy:  -13.340000 kCal/Mol

