   Forward:	Score: 155.000000  Q:2 to 20  R:3539 to 3561 Align Len (18) (66.67%) (77.78%)

   Query:    3' cguuAGUCGAUUGAUGUGACGGa 5'

   Ref:      5' ccctTCTGAAGAATGCACTGCCt 3'

   Energy:  -20.370001 kCal/Mol

