   Forward:	Score: 148.000000  Q:2 to 21  R:2434 to 2453 Align Len (19) (68.42%) (78.95%)

   Query:    3' uuGUUAUGUUGAAUGAUGGAGu 5'

   Ref:      5' gtCATTGT-CCTT-CTACCTCa 3'

   Energy:  -15.310000 kCal/Mol

