   Forward:	Score: 154.000000  Q:2 to 15  R:1398 to 1418 Align Len (13) (76.92%) (92.31%)

   Query:    3' ugcaccuUAAAGGAGAUACAa 5'

   Ref:      5' gcattttGTTTTATCTATGTa 3'

   Energy:  -8.920000 kCal/Mol

