   Forward:	Score: 151.000000  Q:2 to 20  R:1176 to 1197 Align Len (18) (61.11%) (77.78%)

   Query:    3' uacGGGAAAAUUGUAACGUGAc 5'

   Ref:      5' caaTCTCTATGCCTTTGCACTg 3'

   Energy:  -18.370001 kCal/Mol

