   Forward:	Score: 171.000000  Q:2 to 21  R:962 to 985 Align Len (21) (76.19%) (85.71%)

   Query:    3' ggGUUGUUGUCC--UUUGAUGGAu 5'

   Ref:      5' gaCAGCAAAAGGACAGACTACCTt 3'

   Energy:  -24.000000 kCal/Mol

