   Forward:	Score: 146.000000  Q:2 to 20  R:682 to 704 Align Len (20) (65.00%) (70.00%)

   Query:    3' ccUUUAGGGACCG--UUACACUa 5'

   Ref:      5' ctACAGCCCAGTTAAAATGTGAg 3'

   Energy:  -12.710000 kCal/Mol

