   Forward:	Score: 164.000000  Q:2 to 22  R:166 to 189 Align Len (21) (71.43%) (80.95%)

   Query:    3' ugUG-GGGUUUUAGCUUCGUGAAg 5'

   Ref:      5' tcACACCTGTAATCCCAGCACTTt 3'

   Energy:  -22.250000 kCal/Mol

