   Forward:	Score: 140.000000  Q:2 to 9  R:2156 to 2177 Align Len (7) (100.00%) (100.00%)

   Query:    3' cgacccaccucuucCACCACUu 5'

   Ref:      5' gtactcttcccccaGTGGTGAc 3'

   Energy:  -10.480000 kCal/Mol

