   Forward:	Score: 159.000000  Q:2 to 20  R:6298 to 6319 Align Len (18) (72.22%) (77.78%)

   Query:    3' guuGUUUUAGUGACUACGACCu 5'

   Ref:      5' gttCAAGAACTGTAATGCTGGg 3'

   Energy:  -19.750000 kCal/Mol

