   Forward:	Score: 152.000000  Q:2 to 21  R:13893 to 13911 Align Len (19) (73.68%) (73.68%)

   Query:    3' ggUAGAAAUGGUCUGUCACAAu 5'

   Ref:      5' aaAACTTT---AGTCAGTGTTa 3'

   Energy:  -14.820000 kCal/Mol

