   Forward:	Score: 150.000000  Q:2 to 19  R:2132 to 2153 Align Len (17) (70.59%) (70.59%)

   Query:    3' uguuUCAAGACACUACGUGACu 5'

   Ref:      5' atctAATCGTGTATTGCACTGg 3'

   Energy:  -17.480000 kCal/Mol

