   Forward:	Score: 152.000000  Q:2 to 22  R:713 to 736 Align Len (21) (66.67%) (71.43%)

   Query:    3' agGUAGUAAUGGG-CCGUCAUAAu 5'

   Ref:      5' gaCCTAAATATCCACTCAGTATTg 3'

   Energy:  -16.740000 kCal/Mol

