   Forward:	Score: 151.000000  Q:2 to 20  R:967 to 987 Align Len (18) (61.11%) (77.78%)

   Query:    3' uaGACGUGACAGUCGUGAAAu 5'

   Ref:      5' acTTGTTTAGAAAGCACTTTg 3'

   Energy:  -14.160000 kCal/Mol

