   Forward:	Score: 150.000000  Q:2 to 15  R:1448 to 1469 Align Len (13) (76.92%) (84.62%)

   Query:    3' cucuaaccGGUACAUUAUGAGu 5'

   Ref:      5' ttctcgctCTAGGAAATACTCt 3'

   Energy:  -9.150000 kCal/Mol

