   Forward:	Score: 151.000000  Q:2 to 18  R:4194 to 4214 Align Len (16) (75.00%) (81.25%)

   Query:    3' gcuacAUCAGGUUUCCGUGUAu 5'

   Ref:      5' tataaTAATTC-CAGGCACATg 3'

   Energy:  -15.990000 kCal/Mol

