   Forward:	Score: 141.000000  Q:2 to 19  R:2161 to 2183 Align Len (18) (66.67%) (83.33%)

   Query:    3' acauUUGGU-ACUACACGACGAu 5'

   Ref:      5' tgctAATGACTGGTTTGCTGTTa 3'

   Energy:  -14.830000 kCal/Mol

