   Forward:	Score: 160.000000  Q:2 to 21  R:1021 to 1042 Align Len (19) (63.16%) (84.21%)

   Query:    3' cuUGAACGAUUUUUACGUCUUa 5'

   Ref:      5' ttAATTTCTGGTGGTGCAGAAg 3'

   Energy:  -16.900000 kCal/Mol

