   Forward:	Score: 148.000000  Q:2 to 17  R:1979 to 1999 Align Len (15) (66.67%) (80.00%)

   Query:    3' uagacGUGACAGUCGUGAAAu 5'

   Ref:      5' tacccCACCACTGGCACTTTc 3'

   Energy:  -13.770000 kCal/Mol

