   Forward:	Score: 150.000000  Q:2 to 19  R:1031 to 1049 Align Len (17) (76.47%) (76.47%)

   Query:    3' ugacCCUGAAACAUCCGGUCAa 5'

   Ref:      5' gcgcGGAC---GCAGGCCAGTg 3'

   Energy:  -20.379999 kCal/Mol

