   Forward:	Score: 165.000000  Q:2 to 22  R:2174 to 2197 Align Len (20) (70.00%) (80.00%)

   Query:    3' uugUUGUUUUAGUGAUCAGAAGGu 5'

   Ref:      5' taaAGCAAAGAGCCCAGTCTTCCt 3'

   Energy:  -18.969999 kCal/Mol

