   Forward:	Score: 153.000000  Q:3 to 22  R:361 to 383 Align Len (19) (63.16%) (94.74%)

   Query:    3' ugGGUGGCUGUUGUUACUUACaa 5'

   Ref:      5' ccTCATTGATGTTAATGAATGgt 3'

   Energy:  -22.910000 kCal/Mol

