   Forward:	Score: 154.000000  Q:2 to 20  R:896 to 918 Align Len (19) (73.68%) (89.47%)

   Query:    3' uguGGUCA-UAAAGACUUUAGGa 5'

   Ref:      5' atcCCAGTCGTCTTTGAAATTCa 3'

   Energy:  -17.580000 kCal/Mol

