   Forward:	Score: 140.000000  Q:2 to 15  R:314 to 334 Align Len (13) (84.62%) (92.31%)

   Query:    3' gugaaucgUCCAACAUAAUAUa 5'

   Ref:      5' agccccaaAGG-TGTGTTATAc 3'

   Energy:  -11.890000 kCal/Mol

