   Forward:	Score: 147.000000  Q:2 to 16  R:814 to 835 Align Len (14) (71.43%) (78.57%)

   Query:    3' aaguuuuGUACUUAACGACGAc 5'

   Ref:      5' atcctgcCAATAGATGCTGCTc 3'

   Energy:  -10.910000 kCal/Mol

