   Forward:	Score: 140.000000  Q:2 to 20  R:428 to 446 Align Len (18) (61.11%) (88.89%)

   Query:    3' ugUUUGGUGUCACACGACGAc 5'

   Ref:      5' tgGAACTGCG--GTGTTGCTt 3'

   Energy:  -16.780001 kCal/Mol

