   Forward:	Score: 161.000000  Q:2 to 20  R:5528 to 5547 Align Len (18) (77.78%) (83.33%)

   Query:    3' ugGGUCAUCGGUCUACAUCGa 5'

   Ref:      5' tgTCACT-CCCAGATGTAGCa 3'

   Energy:  -20.709999 kCal/Mol

