   Forward:	Score: 150.000000  Q:2 to 18  R:407 to 426 Align Len (16) (75.00%) (81.25%)

   Query:    3' ucggaUAGGACCUAAUGAACUu 5'

   Ref:      5' ttagaGTCCT--ACTACTTGAa 3'

   Energy:  -14.310000 kCal/Mol

