   Forward:	Score: 140.000000  Q:2 to 9  R:1241 to 1262 Align Len (7) (100.00%) (100.00%)

   Query:    3' augucuaccuauggCACGUUAa 5'

   Ref:      5' atatttcttcttggGTGCAATt 3'

   Energy:  -9.530000 kCal/Mol

