   Forward:	Score: 147.000000  Q:2 to 21  R:1189 to 1213 Align Len (22) (59.09%) (72.73%)

   Query:    3' ugAGUGGCUGUCCA---ACUUACAa 5'

   Ref:      5' acTTGAGGATAGCTGAATGAATGTg 3'

   Energy:  -13.310000 kCal/Mol

