   Forward:	Score: 144.000000  Q:2 to 18  R:290 to 312 Align Len (19) (63.16%) (73.68%)

   Query:    3' gcgGAGAGUC---GGGUCGAAAa 5'

   Ref:      5' agaCTCCAAGTTCTTCAGCTTTt 3'

   Energy:  -16.820000 kCal/Mol

