   Forward:	Score: 148.000000  Q:2 to 13  R:655 to 673 Align Len (11) (81.82%) (90.91%)

   Query:    3' aggagagUUGGGUCGAAAa 5'

   Ref:      5' tataaaaAAATCAGCTTTa 3'

   Energy:  -9.460000 kCal/Mol

