   Forward:	Score: 159.000000  Q:2 to 20  R:617 to 637 Align Len (18) (72.22%) (77.78%)

   Query:    3' ugCACCUAAAAGGAGAUACUa 5'

   Ref:      5' tgGTACATTGTATTCTATGAg 3'

   Energy:  -12.060000 kCal/Mol

