   Forward:	Score: 142.000000  Q:2 to 20  R:1198 to 1216 Align Len (18) (72.22%) (72.22%)

   Query:    3' uguUUCAAGACAUCACGUGACu 5'

   Ref:      5' actAAG-TCATT--TGCACTGg 3'

   Energy:  -13.390000 kCal/Mol

