   Forward:	Score: 189.000000  Q:2 to 23  R:1519 to 1544 Align Len (23) (86.96%) (86.96%)

   Query:    3' uuGUUGUUUUAGUGAU--CAGAAGGu 5'

   Ref:      5' aaCAACAAAATCACCAATGTCTTCCa 3'

   Energy:  -32.090000 kCal/Mol

