   Forward:	Score: 150.000000  Q:2 to 16  R:382 to 405 Align Len (16) (75.00%) (81.25%)

   Query:    3' aaguuuuGUACUU--AACGACGAc 5'

   Ref:      5' atttttcCAGGGAGGTTGCTGCTg 3'

   Energy:  -19.990000 kCal/Mol

