   Forward:	Score: 172.000000  Q:2 to 22  R:2823 to 2848 Align Len (23) (73.91%) (82.61%)

   Query:    3' uuGUGACUAAAGU---UUACCACGAu 5'

   Ref:      5' ctCATTGATGTTAATGAATGGTGCTa 3'

   Energy:  -24.000000 kCal/Mol

