   Forward:	Score: 140.000000  Q:2 to 9  R:3403 to 3424 Align Len (7) (100.00%) (100.00%)

   Query:    3' gaaggucagcuccuACAAAUGu 5'

   Ref:      5' ataagggtgcctacTGTTTACc 3'

   Energy:  -9.140000 kCal/Mol

