   Forward:	Score: 146.000000  Q:2 to 12  R:1291 to 1313 Align Len (11) (90.91%) (90.91%)

   Query:    3' gucguaccucaGGA-GGUCCAAc 5'

   Ref:      5' tgcaacctctaCCTCCCAGGTTc 3'

   Energy:  -16.280001 kCal/Mol

