   Forward:	Score: 162.000000  Q:2 to 15  R:998 to 1017 Align Len (13) (92.31%) (92.31%)

   Query:    3' ucacggGGGUGUCAAACUCa 5'

   Ref:      5' tcaaaaCCCAGAGTTTGAGa 3'

   Energy:  -21.490000 kCal/Mol

