   Forward:	Score: 151.000000  Q:2 to 22  R:2490 to 2515 Align Len (23) (65.22%) (73.91%)

   Query:    3' guCGGA--UA-CCUUAAGUCAAGAGu 5'

   Ref:      5' ctGCCTTGGTAGGTGGTGAGTTCTCt 3'

   Energy:  -19.580000 kCal/Mol

