   Forward:	Score: 156.000000  Q:2 to 21  R:3358 to 3379 Align Len (19) (73.68%) (84.21%)

   Query:    3' ugUCAAGAAGUUGACCGUCGAa 5'

   Ref:      5' ggATTTCTTCTGATGGTAGCTt 3'

   Energy:  -20.980000 kCal/Mol

