   Forward:	Score: 144.000000  Q:3 to 21  R:119 to 140 Align Len (18) (66.67%) (83.33%)

   Query:    3' aaGUUUUGUACUUAACGACGac 5'

   Ref:      5' gaCAATGTGTAAAGTGCTGCac 3'

   Energy:  -11.320000 kCal/Mol

