   Forward:	Score: 145.000000  Q:2 to 18  R:1352 to 1374 Align Len (16) (68.75%) (68.75%)

   Query:    3' gucggaUACCUUAAGUCAAGAGu 5'

   Ref:      5' tgaaggATTGATAAAAGTTCTCc 3'

   Energy:  -11.530000 kCal/Mol

