   Forward:	Score: 153.000000  Q:2 to 19  R:334 to 356 Align Len (18) (72.22%) (77.78%)

   Query:    3' acauUUGGUAC-UACACGACGAu 5'

   Ref:      5' gcacAGCCCTGCCTCTGCTGCTa 3'

   Energy:  -16.660000 kCal/Mol

