   Forward:	Score: 151.000000  Q:3 to 20  R:675 to 695 Align Len (17) (82.35%) (82.35%)

   Query:    3' acGUUACGUUGAUGUUACGug 5'

   Ref:      5' tcCAATAGAAATACAATGCca 3'

   Energy:  -14.190000 kCal/Mol

