   Forward:	Score: 160.000000  Q:2 to 18  R:4548 to 4571 Align Len (17) (76.47%) (88.24%)

   Query:    3' ugcgagUUUACA-GCGUCGUGAAa 5'

   Ref:      5' ctgacaGAATGTGCTTAGCACTTt 3'

   Energy:  -18.350000 kCal/Mol

