   Forward:	Score: 144.000000  Q:2 to 13  R:167 to 188 Align Len (11) (81.82%) (81.82%)

   Query:    3' gcuuccguugUGCCUAUUGGAu 5'

   Ref:      5' agtactactaACCAATAACCTg 3'

   Energy:  -10.900000 kCal/Mol

