   Forward:	Score: 145.000000  Q:2 to 14  R:97 to 118 Align Len (12) (66.67%) (91.67%)

   Query:    3' augucuaccUAUGGCACGUUAa 5'

   Ref:      5' taaaaaaaaAAGTTGTGCAATa 3'

   Energy:  -10.410000 kCal/Mol

