   Forward:	Score: 140.000000  Q:2 to 9  R:3734 to 3756 Align Len (7) (100.00%) (100.00%)

   Query:    3' gggucgaucuaacauUCGAGGAa 5'

   Ref:      5' agatgcagagaaaacAGCTCCTt 3'

   Energy:  -16.459999 kCal/Mol

