   Forward:	Score: 147.000000  Q:2 to 18  R:211 to 232 Align Len (16) (75.00%) (75.00%)

   Query:    3' uuguccGUAGACAACUCGAGGAu 5'

   Ref:      5' attcaaCA-CAGAGGAGCTCCTa 3'

   Energy:  -19.840000 kCal/Mol

