   Forward:	Score: 141.000000  Q:2 to 20  R:659 to 682 Align Len (20) (80.00%) (85.00%)

   Query:    3' aggGGACC-AGUC-UGAUGAACUc 5'

   Ref:      5' gcaCCTGGCTCAGTGCTACTTTAa 3'

   Energy:  -23.440001 kCal/Mol

