   Forward:	Score: 143.000000  Q:2 to 12  R:2169 to 2187 Align Len (10) (70.00%) (100.00%)

   Query:    3' aagaagguGUGGAUGGAGa 5'

   Ref:      5' agtgtatcTGTCTACCTCa 3'

   Energy:  -13.680000 kCal/Mol

