   Forward:	Score: 141.000000  Q:2 to 10  R:1771 to 1790 Align Len (8) (87.50%) (100.00%)

   Query:    3' gaagaccgaggUUCAGGUCa 5'

   Ref:      5' agataggaaaaGAGTCCAGg 3'

   Energy:  -16.580000 kCal/Mol

