   Forward:	Score: 141.000000  Q:2 to 14  R:742 to 763 Align Len (12) (75.00%) (75.00%)

   Query:    3' ucgacucacAUCCUACAAAUGu 5'

   Ref:      5' ttatgttctTACTTTGTTTACt 3'

   Energy:  -6.570000 kCal/Mol

