   Forward:	Score: 156.000000  Q:2 to 15  R:947 to 962 Align Len (13) (92.31%) (92.31%)

   Query:    3' gugGACUUAAUGAACUu 5'

   Ref:      5' tcaCTG-ATTACTTGAt 3'

   Energy:  -14.820000 kCal/Mol

