   Forward:	Score: 154.000000  Q:2 to 20  R:3776 to 3799 Align Len (21) (66.67%) (76.19%)

   Query:    3' cgUCUUGAAU---CGGUGACACUu 5'

   Ref:      5' aaAGCACTTGTATTCTACTGTGAt 3'

   Energy:  -18.059999 kCal/Mol

