   Forward:	Score: 153.000000  Q:2 to 16  R:3556 to 3576 Align Len (14) (85.71%) (85.71%)

   Query:    3' cuuaaguAGUGCCGGUCGGAGa 5'

   Ref:      5' tcacagcTCACTG-CAGCCTCt 3'

   Energy:  -19.660000 kCal/Mol

