   Forward:	Score: 159.000000  Q:2 to 21  R:3375 to 3397 Align Len (20) (75.00%) (75.00%)

   Query:    3' gaAGGUCAGCU-CCUACAAAUGu 5'

   Ref:      5' ggTCCAGAAGATTCATGTTTACa 3'

   Energy:  -19.389999 kCal/Mol

