   Forward:	Score: 149.000000  Q:2 to 18  R:809 to 830 Align Len (16) (62.50%) (81.25%)

   Query:    3' uucuuCACGUGGUACAAACAAa 5'

   Ref:      5' ctgtcGTTTTTTTTGTTTGTTt 3'

   Energy:  -9.970000 kCal/Mol

