   Forward:	Score: 151.000000  Q:2 to 21  R:4123 to 4148 Align Len (23) (65.22%) (69.57%)

   Query:    3' cuCCAAAGGGCACA----UACAAAGu 5'

   Ref:      5' agGCTGTGCTGTGTGCCAATGTTTCg 3'

   Energy:  -19.920000 kCal/Mol

