   Forward:	Score: 140.000000  Q:2 to 9  R:518 to 539 Align Len (7) (100.00%) (100.00%)

   Query:    3' gaaggucaguuccuACAAAUGu 5'

   Ref:      5' atttatttattatcTGTTTACt 3'

   Energy:  -7.120000 kCal/Mol

