   Forward:	Score: 153.000000  Q:2 to 22  R:922 to 941 Align Len (20) (70.00%) (75.00%)

   Query:    3' agUUGCCCUCACUAGCACAGUAa 5'

   Ref:      5' ccAACAGGGCTG---GTGTCATt 3'

   Energy:  -19.420000 kCal/Mol

