   Forward:	Score: 141.000000  Q:2 to 14  R:1948 to 1970 Align Len (12) (75.00%) (75.00%)

   Query:    3' gaugauuuugUACCUUCGUGAAu 5'

   Ref:      5' catgcctgtaATCCCAGCACTTt 3'

   Energy:  -9.540000 kCal/Mol

