   Forward:	Score: 150.000000  Q:2 to 20  R:1009 to 1032 Align Len (20) (70.00%) (70.00%)

   Query:    3' augUCUACCUAUG--GCACGUUAa 5'

   Ref:      5' cagACACCGACACGGCGTGCAATc 3'

   Energy:  -17.070000 kCal/Mol

