   Forward:	Score: 153.000000  Q:2 to 19  R:1900 to 1923 Align Len (19) (68.42%) (78.95%)

   Query:    3' ugacCCUGAAAC--AUCCGGUCAa 5'

   Ref:      5' gacaGTATTATGCCTGGGCCAGTc 3'

   Energy:  -15.070000 kCal/Mol

