   Forward:	Score: 154.000000  Q:2 to 15  R:2011 to 2028 Align Len (13) (84.62%) (84.62%)

   Query:    3' uuccUUUUGUAACGUGAc 5'

   Ref:      5' gatcACACCATTGCACTc 3'

   Energy:  -12.010000 kCal/Mol

