   Forward:	Score: 178.000000  Q:2 to 19  R:2288 to 2309 Align Len (17) (88.24%) (94.12%)

   Query:    3' cuauCUCACGUCUGGUCCCAGa 5'

   Ref:      5' ggatGTGTGCAGGCCAGGGTCc 3'

   Energy:  -36.520000 kCal/Mol

