   Forward:	Score: 145.000000  Q:2 to 10  R:2416 to 2437 Align Len (8) (100.00%) (100.00%)

   Query:    3' uuggguaccuuaaGUCAAGAGu 5'

   Ref:      5' atagaaactagagCAGTTCTCa 3'

   Energy:  -16.440001 kCal/Mol

