   Forward:	Score: 154.000000  Q:2 to 19  R:377 to 397 Align Len (17) (70.59%) (76.47%)

   Query:    3' aagUCAAUAGUGUCAUGACAu 5'

   Ref:      5' gtgAGGACTTACTGTACTGTa 3'

   Energy:  -16.990000 kCal/Mol

