   Forward:	Score: 151.000000  Q:2 to 21  R:11196 to 11219 Align Len (21) (66.67%) (71.43%)

   Query:    3' ucGCCCUGAAAC--UCCCGGUCAa 5'

   Ref:      5' gaCAGTATTATGCCTGGGCCAGTc 3'

   Energy:  -17.250000 kCal/Mol

