   Forward:	Score: 150.000000  Q:2 to 11  R:10848 to 10869 Align Len (9) (100.00%) (100.00%)

   Query:    3' uacccuguaggaUGUAUACGUu 5'

   Ref:      5' ttaaatgagggaACATATGCAg 3'

   Energy:  -18.309999 kCal/Mol

