   Forward:	Score: 157.000000  Q:2 to 21  R:202 to 221 Align Len (19) (68.42%) (84.21%)

   Query:    3' cuUGAACGAUUUUUACGUCUUa 5'

   Ref:      5' aaGCTTG--GAAGTTGCAGAAg 3'

   Energy:  -16.110001 kCal/Mol

