   Forward:	Score: 149.000000  Q:2 to 16  R:153 to 173 Align Len (14) (78.57%) (85.71%)

   Query:    3' gaguuauCUGACACUCGAGGAa 5'

   Ref:      5' gcgcaccGGCAG-GAGCTCCTg 3'

   Energy:  -17.290001 kCal/Mol

