   Forward:	Score: 145.000000  Q:2 to 19  R:5725 to 5746 Align Len (18) (61.11%) (77.78%)

   Query:    3' cguUCGGGUCUG-GCGUUUUUc 5'

   Ref:      5' tgtATCTGTGATATGCAAAAAg 3'

   Energy:  -13.120000 kCal/Mol

