   Forward:	Score: 154.000000  Q:3 to 19  R:940 to 959 Align Len (16) (81.25%) (93.75%)

   Query:    3' ugGGAGAGUUGGGUCGAAaa 5'

   Ref:      5' atCCTCTCATTTCAGCTTcc 3'

   Energy:  -25.690001 kCal/Mol

