   Forward:	Score: 167.000000  Q:2 to 20  R:1471 to 1492 Align Len (18) (77.78%) (83.33%)

   Query:    3' aguGUAAACGGACGUCUCUAAa 5'

   Ref:      5' tgtCATTAGGTGGCAGAGATTa 3'

   Energy:  -16.430000 kCal/Mol

