   Forward:	Score: 142.000000  Q:2 to 19  R:917 to 937 Align Len (17) (64.71%) (64.71%)

   Query:    3' cggUUAUAAAGACACGACGAu 5'

   Ref:      5' ccaAATACAAAACTGCTGCTg 3'

   Energy:  -14.090000 kCal/Mol

