   Forward:	Score: 154.000000  Q:2 to 20  R:487 to 509 Align Len (19) (68.42%) (78.95%)

   Query:    3' uguGUGGUUCCUAU-UAAAGAGg 5'

   Ref:      5' attCATCGCGCTTACATTTCTCc 3'

   Energy:  -16.430000 kCal/Mol

