   Forward:	Score: 140.000000  Q:2 to 9  R:851 to 872 Align Len (7) (100.00%) (100.00%)

   Query:    3' gacaaggacgacuuGACUCGGu 5'

   Ref:      5' aggaagggaaatttCTGAGCCc 3'

   Energy:  -12.500000 kCal/Mol

