   Forward:	Score: 148.000000  Q:2 to 17  R:3617 to 3639 Align Len (15) (66.67%) (80.00%)

   Query:    3' gauggacGUGCUUGUCGUGAAAc 5'

   Ref:      5' taaatatCAACCATGGCACTTTc 3'

   Energy:  -12.060000 kCal/Mol

