   Forward:	Score: 145.000000  Q:2 to 14  R:406 to 428 Align Len (12) (66.67%) (91.67%)

   Query:    3' ugggauauucGUUAUAACGUGAu 5'

   Ref:      5' acatcgacttTGAAGTTGCACTg 3'

   Energy:  -14.030000 kCal/Mol

