   Forward:	Score: 141.000000  Q:2 to 10  R:1558 to 1579 Align Len (8) (87.50%) (100.00%)

   Query:    3' cggaagacugggaUUCAGGUCa 5'

   Ref:      5' gaagataggaaaaGAGTCCAGg 3'

   Energy:  -13.530000 kCal/Mol

