   Forward:	Score: 140.000000  Q:2 to 13  R:2233 to 2249 Align Len (11) (81.82%) (100.00%)

   Query:    3' guccaUCAGACUUACAg 5'

   Ref:      5' tgtagAGTTTGGATGTg 3'

   Energy:  -13.980000 kCal/Mol

