   Forward:	Score: 148.000000  Q:2 to 13  R:626 to 646 Align Len (11) (81.82%) (90.91%)

   Query:    3' acguuacguUGAUGUUACGUg 5'

   Ref:      5' gccttccttATTTCAATGCAa 3'

   Energy:  -9.500000 kCal/Mol

