   Forward:	Score: 146.000000  Q:2 to 21  R:1304 to 1324 Align Len (19) (63.16%) (73.68%)

   Query:    3' ggUGUGUGAAGGAAUGUAAGGu 5'

   Ref:      5' ttGCAAAC-ACTAAACATTCCt 3'

   Energy:  -15.810000 kCal/Mol

