   Forward:	Score: 145.000000  Q:2 to 19  R:1448 to 1471 Align Len (19) (73.68%) (78.95%)

   Query:    3' uuagUCAGAGUAAC--GAAAUAUu 5'

   Ref:      5' tgggATTCTCAATGGATTTTATAg 3'

   Energy:  -10.870000 kCal/Mol

