   Forward:	Score: 155.000000  Q:2 to 18  R:1199 to 1224 Align Len (18) (77.78%) (83.33%)

   Query:    3' uuggggaUAGU-GCUAA-UCGUAAUu 5'

   Ref:      5' gagagaaAACATTGATTGAGCATTAa 3'

   Energy:  -14.450000 kCal/Mol

