   Forward:	Score: 154.000000  Q:2 to 19  R:4216 to 4236 Align Len (17) (76.47%) (88.24%)

   Query:    3' gauggACGUGAUAUUCGUGAAAu 5'

   Ref:      5' cagaaTGTGCT-T-AGCACTTTt 3'

   Energy:  -14.710000 kCal/Mol

