   Forward:	Score: 150.000000  Q:2 to 21  R:171 to 191 Align Len (19) (73.68%) (84.21%)

   Query:    3' uuGAUAUGUUAGAUGAUGGAGu 5'

   Ref:      5' ggCCATACTG-CTACTGCCTCa 3'

   Energy:  -23.639999 kCal/Mol

