   Forward:	Score: 142.000000  Q:2 to 19  R:279 to 300 Align Len (17) (64.71%) (82.35%)

   Query:    3' cuuaAGUAGUGCCGGUCGGAGa 5'

   Ref:      5' agtcTCATTGGTACCAGCCTTg 3'

   Energy:  -19.440001 kCal/Mol

