   Forward:	Score: 166.000000  Q:2 to 21  R:3769 to 3794 Align Len (23) (78.26%) (78.26%)

   Query:    3' cgACC--CACCUCUUC--CACCACUu 5'

   Ref:      5' cgTGGCCGTGGAGCAGTCGTGGTGAa 3'

   Energy:  -27.100000 kCal/Mol

