   Forward:	Score: 157.000000  Q:2 to 20  R:126 to 148 Align Len (20) (70.00%) (85.00%)

   Query:    3' ugGAUAG-GA-CUUAAUGAACUu 5'

   Ref:      5' caCTGTTACTGGGAATACTTGAc 3'

   Energy:  -16.870001 kCal/Mol

