   Forward:	Score: 140.000000  Q:2 to 9  R:658 to 678 Align Len (7) (100.00%) (100.00%)

   Query:    3' uuucucuggccaaGUGACACu 5'

   Ref:      5' tgagcctctcaagCACTGTGa 3'

   Energy:  -17.230000 kCal/Mol

