   Forward:	Score: 148.000000  Q:2 to 14  R:1198 to 1220 Align Len (13) (84.62%) (84.62%)

   Query:    3' acuuaggaaCU-UAUCCACACAa 5'

   Ref:      5' ttggaatagGACATTGGTGTGTt 3'

   Energy:  -16.330000 kCal/Mol

