   Forward:	Score: 143.000000  Q:2 to 19  R:580 to 599 Align Len (17) (70.59%) (70.59%)

   Query:    3' ugguCGAUUGUUAUGUGACGGu 5'

   Ref:      5' tcgcGCTTCC--TTCACTGCCt 3'

   Energy:  -16.959999 kCal/Mol

