   Forward:	Score: 140.000000  Q:2 to 9  R:4160 to 4176 Align Len (7) (100.00%) (100.00%)

   Query:    3' uucguaccuUCGUGAAu 5'

   Ref:      5' aatgtgcttAGCACTTt 3'

   Energy:  -10.270000 kCal/Mol

