   Forward:	Score: 164.000000  Q:2 to 17  R:2888 to 2907 Align Len (15) (80.00%) (93.33%)

   Query:    3' ugggAGAGUUGGGUCGAAAa 5'

   Ref:      5' ccagTCTTGAGCCAGCTTTa 3'

   Energy:  -18.530001 kCal/Mol

