   Forward:	Score: 142.000000  Q:2 to 11  R:1297 to 1318 Align Len (9) (88.89%) (88.89%)

   Query:    3' ugacggacagacACGGACGACa 5'

   Ref:      5' tactgacataatTACCTGCTGg 3'

   Energy:  -16.820000 kCal/Mol

