   Forward:	Score: 167.000000  Q:2 to 21  R:8342 to 8368 Align Len (23) (73.91%) (78.26%)

   Query:    3' gauAGACGUGAUCUA----CGUGGAAu 5'

   Ref:      5' tctTGTGTACTAGATAAGGGCACCTTc 3'

   Energy:  -24.170000 kCal/Mol

