   Forward:	Score: 153.000000  Q:2 to 22  R:1124 to 1146 Align Len (20) (65.00%) (70.00%)

   Query:    3' ugGGAUAUUCGUUAUAACGUGAu 5'

   Ref:      5' tgCTTCCAACCTCCATTGCACTg 3'

   Energy:  -12.390000 kCal/Mol

