   Forward:	Score: 156.000000  Q:2 to 18  R:326 to 345 Align Len (17) (82.35%) (94.12%)

   Query:    3' aaGACG-GAGGUUCAGGUCa 5'

   Ref:      5' acCTGCTTTCCAGGTCCAGa 3'

   Energy:  -28.129999 kCal/Mol

