   Forward:	Score: 161.000000  Q:2 to 19  R:8256 to 8277 Align Len (18) (77.78%) (83.33%)

   Query:    3' ugaUCGAAUAUG-UAUUUUAAu 5'

   Ref:      5' tccAGTGTACACTATAAAATTg 3'

   Energy:  -8.230000 kCal/Mol

