   Forward:	Score: 144.000000  Q:2 to 21  R:2526 to 2546 Align Len (19) (63.16%) (78.95%)

   Query:    3' cuuUGGGUCGUCUGUUACAUCGa 5'

   Ref:      5' agcATCC-TTGTAC-ATGTAGCt 3'

   Energy:  -15.340000 kCal/Mol

