   Forward:	Score: 154.000000  Q:2 to 19  R:279 to 300 Align Len (17) (64.71%) (82.35%)

   Query:    3' ugugUGGUUCCUAUUAAAGAGg 5'

   Ref:      5' tttgATAGAGGTGGATTTCTCa 3'

   Energy:  -13.470000 kCal/Mol

