   Forward:	Score: 158.000000  Q:2 to 19  R:15513 to 15535 Align Len (17) (76.47%) (76.47%)

   Query:    3' cguuaGUCGAUUGAUGUGACGGa 5'

   Ref:      5' gctgaCACATACATACACTGCCt 3'

   Energy:  -21.400000 kCal/Mol

