   Forward:	Score: 151.000000  Q:2 to 14  R:2516 to 2536 Align Len (12) (91.67%) (91.67%)

   Query:    3' ugggugguuUCUCUUCGUGAAa 5'

   Ref:      5' aacttgtttAGA-AAGCACTTt 3'

   Energy:  -17.660000 kCal/Mol

