   Forward:	Score: 155.000000  Q:2 to 22  R:10599 to 10617 Align Len (20) (75.00%) (80.00%)

   Query:    3' cuUGUCUAUCAGAUUUGUGACCc 5'

   Ref:      5' taAC-GATAG---AGACACTGGg 3'

   Energy:  -24.610001 kCal/Mol

