   Forward:	Score: 147.000000  Q:2 to 19  R:1904 to 1926 Align Len (18) (72.22%) (77.78%)

   Query:    3' gauagACGUGAUCUA-CGUGGAAu 5'

   Ref:      5' taagaTGTA-TATTTAGCACCTTt 3'

   Energy:  -13.670000 kCal/Mol

