   Forward:	Score: 147.000000  Q:3 to 20  R:1087 to 1108 Align Len (17) (76.47%) (82.35%)

   Query:    3' uguGUGGUUCCUAUUAAAGAgg 5'

   Ref:      5' atcTACAAAGGAATATTTCTga 3'

   Energy:  -11.820000 kCal/Mol

