   Forward:	Score: 151.000000  Q:2 to 16  R:1608 to 1627 Align Len (14) (78.57%) (100.00%)

   Query:    3' ugggaGAGUUGGGUCGAAAa 5'

   Ref:      5' tttgcCTCAATTCAGTTTTa 3'

   Energy:  -18.590000 kCal/Mol

