   Forward:	Score: 156.000000  Q:2 to 18  R:541 to 563 Align Len (18) (77.78%) (77.78%)

   Query:    3' cucgAUGUCA--CGAAGUAGAGu 5'

   Ref:      5' cctaTTCAGTTCACTTCATCTCg 3'

   Energy:  -20.480000 kCal/Mol

