   Forward:	Score: 159.000000  Q:2 to 18  R:1541 to 1562 Align Len (16) (81.25%) (87.50%)

   Query:    3' ugggauAUUCGUUAUAACGUGAu 5'

   Ref:      5' ttgcacTAAGTCAT-TTGCACTg 3'

   Energy:  -13.560000 kCal/Mol

