   Forward:	Score: 143.000000  Q:2 to 16  R:1031 to 1052 Align Len (14) (71.43%) (92.86%)

   Query:    3' accccauAAACUGUUUGACUGu 5'

   Ref:      5' tatacctTTTAATGAATTGACt 3'

   Energy:  -7.240000 kCal/Mol

