   Forward:	Score: 140.000000  Q:2 to 9  R:625 to 641 Align Len (7) (100.00%) (100.00%)

   Query:    3' uucguaccuUCGUGAAu 5'

   Ref:      5' cattgctttAGCACTTt 3'

   Energy:  -9.460000 kCal/Mol

