   Forward:	Score: 155.000000  Q:2 to 20  R:2607 to 2628 Align Len (18) (77.78%) (83.33%)

   Query:    3' aagUUUUGUACUUAACGACGAc 5'

   Ref:      5' tagAAACCATGCAGTGCTGTTt 3'

   Energy:  -13.810000 kCal/Mol

