   Forward:	Score: 144.000000  Q:2 to 21  R:2015 to 2035 Align Len (20) (75.00%) (80.00%)

   Query:    3' gaUGGUAUCCCAU-UUUGGUGAc 5'

   Ref:      5' aaAGCATA--GTAGAAATCACTt 3'

   Energy:  -14.480000 kCal/Mol

