   Forward:	Score: 146.000000  Q:2 to 18  R:2086 to 2105 Align Len (16) (75.00%) (75.00%)

   Query:    3' cauggGGACCUCUAAGACUAUu 5'

   Ref:      5' cggagCCT--AGCCTCTGATAa 3'

   Energy:  -14.130000 kCal/Mol

