   Forward:	Score: 159.000000  Q:2 to 18  R:1881 to 1901 Align Len (16) (81.25%) (87.50%)

   Query:    3' augucUACCUAUGGCACGUUAa 5'

   Ref:      5' tattcATGG-TTCTGTGCAATa 3'

   Energy:  -18.180000 kCal/Mol

