   Forward:	Score: 140.000000  Q:2 to 9  R:760 to 782 Align Len (7) (100.00%) (100.00%)

   Query:    3' agucaaaacguaccuAAACGUGu 5'

   Ref:      5' tggcatcacaaacctTTTGCACa 3'

   Energy:  -11.500000 kCal/Mol

