   Forward:	Score: 154.000000  Q:2 to 19  R:3106 to 3126 Align Len (17) (76.47%) (88.24%)

   Query:    3' gauggACGUGACAUUCGUGAAAc 5'

   Ref:      5' cagaaTGTGCT-T-AGCACTTTt 3'

   Energy:  -13.110000 kCal/Mol

