   Forward:	Score: 160.000000  Q:2 to 22  R:15544 to 15569 Align Len (23) (65.22%) (78.26%)

   Query:    3' uuGUGACUAA---AGUUUACCACGAu 5'

   Ref:      5' acTGTTGATTTTCTCACTTGGTGCTg 3'

   Energy:  -20.480000 kCal/Mol

