   Forward:	Score: 146.000000  Q:3 to 24  R:3219 to 3245 Align Len (23) (65.22%) (78.26%)

   Query:    3' ggUGAGAA--GACUGAGGUUCAGGUca 5'

   Ref:      5' tcACTTTTTACTGTGTTAGAGTCCAtc 3'

   Energy:  -20.430000 kCal/Mol

