   Forward:	Score: 144.000000  Q:2 to 22  R:1515 to 1539 Align Len (22) (68.18%) (72.73%)

   Query:    3' agUGUAUCCUUAC--UUUUCGGUAu 5'

   Ref:      5' ctACATCTCAAAGATAAAAGCTATg 3'

   Energy:  -11.840000 kCal/Mol

