   Forward:	Score: 161.000000  Q:2 to 21  R:5699 to 5721 Align Len (20) (75.00%) (85.00%)

   Query:    3' cuuUGGGU-CGUCUGUUACAUCGa 5'

   Ref:      5' gttGCCCAGGCTGG-AATGTAGCg 3'

   Energy:  -21.490000 kCal/Mol

