   Forward:	Score: 140.000000  Q:2 to 19  R:926 to 946 Align Len (17) (70.59%) (82.35%)

   Query:    3' acacAGUCAAAGUGGGACGACg 5'

   Ref:      5' tgccTCAGCATC-TCTTGCTGt 3'

   Energy:  -17.059999 kCal/Mol

