   Forward:	Score: 153.000000  Q:2 to 19  R:941 to 963 Align Len (18) (66.67%) (83.33%)

   Query:    3' agucCUUGA-CGGAAAGAGAGGu 5'

   Ref:      5' tcttGGGCTATTCTCTCTCTCCt 3'

   Energy:  -20.389999 kCal/Mol

