   Forward:	Score: 148.000000  Q:2 to 19  R:1008 to 1033 Align Len (21) (66.67%) (76.19%)

   Query:    3' aaguUUUGUAC--UU--AACGACGAc 5'

   Ref:      5' cctcACACATGCTGGTTTTGCTGCTg 3'

   Energy:  -20.200001 kCal/Mol

