   Forward:	Score: 160.000000  Q:2 to 18  R:385 to 407 Align Len (17) (82.35%) (82.35%)

   Query:    3' uguuuUCAACGGA-AACACACUa 5'

   Ref:      5' ggtttACTTGACTGTTGTGTGAa 3'

   Energy:  -12.220000 kCal/Mol

