   Forward:	Score: 163.000000  Q:2 to 21  R:1171 to 1194 Align Len (21) (71.43%) (80.95%)

   Query:    3' ugUGGCU--CCUCGGGUAGUACUa 5'

   Ref:      5' tgACAGAATGGAGTGTATCATGAa 3'

   Energy:  -21.590000 kCal/Mol

