   Forward:	Score: 141.000000  Q:2 to 15  R:193 to 215 Align Len (14) (78.57%) (92.86%)

   Query:    3' cuuaaguaGUG-CCGGUCGGAGa 5'

   Ref:      5' ggcccgccCGCAGGCCAGCTTCt 3'

   Energy:  -25.740000 kCal/Mol

