   Forward:	Score: 155.000000  Q:2 to 20  R:892 to 913 Align Len (18) (61.11%) (83.33%)

   Query:    3' uacGGGAAAAUUGUAACGUGAc 5'

   Ref:      5' tttTTTTTTTTTTTTTGCACTg 3'

   Energy:  -15.740000 kCal/Mol

