   Forward:	Score: 161.000000  Q:2 to 20  R:2486 to 2505 Align Len (18) (77.78%) (83.33%)

   Query:    3' agCCGUAGAUGUGAACGUGAc 5'

   Ref:      5' gtGGAAT-TACGATTGCACTt 3'

   Energy:  -18.830000 kCal/Mol

