   Forward:	Score: 151.000000  Q:2 to 21  R:1804 to 1826 Align Len (20) (75.00%) (80.00%)

   Query:    3' ugACGGACAG-ACACGGACGACa 5'

   Ref:      5' gtTGCCTTCCAAGTGCCTGTTGg 3'

   Energy:  -27.000000 kCal/Mol

