   Forward:	Score: 150.000000  Q:2 to 15  R:2213 to 2234 Align Len (13) (76.92%) (84.62%)

   Query:    3' aaguuuugUACUUAACGACGAc 5'

   Ref:      5' tgattgtgGTGACGTGCTGCTa 3'

   Energy:  -12.980000 kCal/Mol

