   Forward:	Score: 151.000000  Q:2 to 21  R:3405 to 3429 Align Len (22) (63.64%) (72.73%)

   Query:    3' uuGAUACGUUGGAU---GAUGGAGa 5'

   Ref:      5' ttCTTTACAATGTGGATCTACCTCa 3'

   Energy:  -14.750000 kCal/Mol

