   Forward:	Score: 157.000000  Q:2 to 18  R:4232 to 4251 Align Len (16) (75.00%) (81.25%)

   Query:    3' uggGAGAGUUGGGUCGAAAa 5'

   Ref:      5' tggCTATTCACACAGCTTTt 3'

   Energy:  -14.490000 kCal/Mol

