   Forward:	Score: 150.000000  Q:2 to 19  R:299 to 320 Align Len (17) (64.71%) (76.47%)

   Query:    3' gcuaCAUCAGGUUUCCGUGUAu 5'

   Ref:      5' ctggGGATTGGAGGGGCACATc 3'

   Energy:  -14.930000 kCal/Mol

