   Forward:	Score: 150.000000  Q:2 to 21  R:271 to 289 Align Len (19) (78.95%) (78.95%)

   Query:    3' ugACGGACAGACACGGACGACa 5'

   Ref:      5' ttTG-CTG-CTCT-CCTGCTGg 3'

   Energy:  -19.000000 kCal/Mol

