   Forward:	Score: 148.000000  Q:2 to 19  R:1453 to 1476 Align Len (21) (66.67%) (76.19%)

   Query:    3' auACUU--GUUA--AAGAUCCUUa 5'

   Ref:      5' agTGGATTCAGTGAATCTAGGAAg 3'

   Energy:  -16.799999 kCal/Mol

