   Forward:	Score: 152.000000  Q:2 to 21  R:782 to 803 Align Len (19) (57.89%) (78.95%)

   Query:    3' acAUUUGGUACUACACGACGAu 5'

   Ref:      5' ccTGAAGTGTAGACTGCTGCTa 3'

   Energy:  -17.370001 kCal/Mol

