   Forward:	Score: 155.000000  Q:2 to 20  R:2250 to 2271 Align Len (18) (72.22%) (72.22%)

   Query:    3' gcgGUUAUAAAUGCACGACGAu 5'

   Ref:      5' gtgCACTTTCTTCCTGCTGCTc 3'

   Energy:  -12.500000 kCal/Mol

