   Forward:	Score: 144.000000  Q:2 to 21  R:781 to 802 Align Len (19) (57.89%) (68.42%)

   Query:    3' guGAGAUUUCCCUCCGUGAAAc 5'

   Ref:      5' tcTTTTTATGTTCAGCACTTTt 3'

   Energy:  -8.870000 kCal/Mol

