   Forward:	Score: 154.000000  Q:2 to 20  R:102 to 124 Align Len (19) (68.42%) (78.95%)

   Query:    3' acaUUUGGUAC-UACACGACGAu 5'

   Ref:      5' ctgGAACCGCGTCTCTGCTGCTc 3'

   Energy:  -17.320000 kCal/Mol

