   Forward:	Score: 164.000000  Q:2 to 18  R:3367 to 3389 Align Len (17) (82.35%) (88.24%)

   Query:    3' cggucGA-UUGUUAUGUGACGGa 5'

   Ref:      5' cccttCTGAAGAATGCACTGCCt 3'

   Energy:  -25.930000 kCal/Mol

