   Forward:	Score: 141.000000  Q:2 to 21  R:11082 to 11101 Align Len (19) (63.16%) (68.42%)

   Query:    3' gaAGGUCAGCUCCUACAAAUGu 5'

   Ref:      5' ccTCTTTTCTA--TTGTTTACa 3'

   Energy:  -9.640000 kCal/Mol

