   Forward:	Score: 161.000000  Q:2 to 18  R:9908 to 9926 Align Len (16) (68.75%) (93.75%)

   Query:    3' aaGAAGGUGUGGAUGGAGa 5'

   Ref:      5' ccTTTCTCTGCCTACCTCt 3'

   Energy:  -23.840000 kCal/Mol

