   Forward:	Score: 144.000000  Q:2 to 19  R:344 to 367 Align Len (19) (73.68%) (84.21%)

   Query:    3' uugaUAUGUUG-GAU-GAUGGAGu 5'

   Ref:      5' gaggATGCAACACCATCTGCCTCc 3'

   Energy:  -18.730000 kCal/Mol

