   Forward:	Score: 150.000000  Q:2 to 15  R:222 to 243 Align Len (13) (76.92%) (84.62%)

   Query:    3' gcuuccguUGUGCCUAUUGGAu 5'

   Ref:      5' accacattATAAGCATAACCTg 3'

   Energy:  -9.880000 kCal/Mol

