   Forward:	Score: 181.000000  Q:2 to 22  R:1995 to 2017 Align Len (20) (75.00%) (95.00%)

   Query:    3' gaUGGACGUGAUACUCGUGAAAc 5'

   Ref:      5' cgATTTGCCTTGTGAGCACTTTc 3'

   Energy:  -26.120001 kCal/Mol

