   Forward:	Score: 140.000000  Q:2 to 9  R:340 to 356 Align Len (7) (100.00%) (100.00%)

   Query:    3' augacggaaAGAGAGGu 5'

   Ref:      5' aatatgaccTCTCTCCt 3'

   Energy:  -13.700000 kCal/Mol

