   Forward:	Score: 154.000000  Q:2 to 20  R:822 to 843 Align Len (19) (68.42%) (78.95%)

   Query:    3' ugUUUGGU-GUCACACGACGAc 5'

   Ref:      5' taGGACAATCAGCCTGCTGCTt 3'

   Energy:  -16.370001 kCal/Mol

