   Forward:	Score: 145.000000  Q:2 to 14  R:1010 to 1031 Align Len (12) (75.00%) (83.33%)

   Query:    3' ucggguuuuCCUCUUAAGAAAc 5'

   Ref:      5' agggctcttGGCTGATTCTTTt 3'

   Energy:  -13.390000 kCal/Mol

