   Forward:	Score: 144.000000  Q:2 to 16  R:2355 to 2369 Align Len (14) (78.57%) (78.57%)

   Query:    3' uuCGUACCUUCGUGAAu 5'

   Ref:      5' gaGCTTG--AGCACTTt 3'

   Energy:  -12.320000 kCal/Mol

