   Forward:	Score: 155.000000  Q:2 to 20  R:3389 to 3410 Align Len (18) (72.22%) (72.22%)

   Query:    3' acaUUUGGUACUACACGACGAu 5'

   Ref:      5' atcAAACAAAAAGATGCTGCTa 3'

   Energy:  -14.140000 kCal/Mol

