   Forward:	Score: 140.000000  Q:2 to 9  R:1216 to 1237 Align Len (7) (100.00%) (100.00%)

   Query:    3' gugagauuucccucCGUGAAAc 5'

   Ref:      5' ctgattcccactttGCACTTTa 3'

   Energy:  -11.120000 kCal/Mol

