   Forward:	Score: 147.000000  Q:2 to 19  R:174 to 193 Align Len (17) (70.59%) (76.47%)

   Query:    3' cccaUUAGUGACCGUUACACUa 5'

   Ref:      5' aaagAATGAT--GAAATGTGAa 3'

   Energy:  -8.970000 kCal/Mol

