   Forward:	Score: 140.000000  Q:2 to 9  R:1411 to 1433 Align Len (7) (100.00%) (100.00%)

   Query:    3' gauggacgugacauuCGUGAAAa 5'

   Ref:      5' ggaaatgaatatgctGCACTTTa 3'

   Energy:  -10.170000 kCal/Mol

