   Forward:	Score: 150.000000  Q:2 to 18  R:1653 to 1673 Align Len (17) (76.47%) (82.35%)

   Query:    3' cguuCG-GGUCUGGCGUUUUUc 5'

   Ref:      5' tgctGCACTAGA-AGCAAAAAa 3'

   Energy:  -15.010000 kCal/Mol

