   Forward:	Score: 156.000000  Q:2 to 21  R:139 to 158 Align Len (19) (73.68%) (84.21%)

   Query:    3' ucGCCCUGAAACUCCCGGUCAa 5'

   Ref:      5' ggTGGGGC-CTGA-GGCCAGTg 3'

   Energy:  -28.540001 kCal/Mol

