   Forward:	Score: 143.000000  Q:2 to 22  R:499 to 520 Align Len (20) (60.00%) (70.00%)

   Query:    3' gaUGGACGUGAUACUCGUGAAAc 5'

   Ref:      5' gaAGTTATAC-AACTGCACTTTa 3'

   Energy:  -10.820000 kCal/Mol

