   Forward:	Score: 155.000000  Q:2 to 17  R:674 to 696 Align Len (16) (81.25%) (81.25%)

   Query:    3' gugagaUUUC-CCUCCGUGAAAc 5'

   Ref:      5' gtcaggAAAGAGGCAGCACTTTa 3'

   Energy:  -14.060000 kCal/Mol

