   Forward:	Score: 147.000000  Q:2 to 21  R:215 to 238 Align Len (21) (66.67%) (80.95%)

   Query:    3' ugGGAGA--UUUUCCUUCGUGAAa 5'

   Ref:      5' aaTCTCTGAGAAAACAGGCACTTc 3'

   Energy:  -19.330000 kCal/Mol

