   Forward:	Score: 153.000000  Q:2 to 14  R:2935 to 2955 Align Len (12) (83.33%) (91.67%)

   Query:    3' uggauaggACUUAAUGAACUu 5'

   Ref:      5' aagacaggTTGATTACTTGAa 3'

   Energy:  -13.740000 kCal/Mol

