   Forward:	Score: 143.000000  Q:2 to 16  R:1520 to 1541 Align Len (14) (71.43%) (71.43%)

   Query:    3' guguucuAGCCUAGAUGCCCAa 5'

   Ref:      5' aagccctTCCCCTATACGGGTc 3'

   Energy:  -11.740000 kCal/Mol

