   Forward:	Score: 145.000000  Q:2 to 18  R:5207 to 5227 Align Len (16) (75.00%) (81.25%)

   Query:    3' cuggUUCUUUAUCGGAAAGUu 5'

   Ref:      5' aaaaAATAACTAACCTTTTAa 3'

   Energy:  -8.690000 kCal/Mol

