   Forward:	Score: 150.000000  Q:2 to 19  R:3042 to 3064 Align Len (17) (70.59%) (70.59%)

   Query:    3' aguugCCCUCACUAGCACAGUAa 5'

   Ref:      5' atttgGGCAAGGAAAGTGTCATa 3'

   Energy:  -17.820000 kCal/Mol

