   Forward:	Score: 145.000000  Q:3 to 22  R:613 to 635 Align Len (19) (68.42%) (78.95%)

   Query:    3' ugAGUGGCUGUCGCAACUUACaa 5'

   Ref:      5' atTGACTGGCAAAGGTGAATGgt 3'

   Energy:  -18.990000 kCal/Mol

