   Forward:	Score: 163.000000  Q:2 to 20  R:821 to 841 Align Len (18) (72.22%) (83.33%)

   Query:    3' cgUUCGGGUCUGGCGUUUUUc 5'

   Ref:      5' aaAAGGCTATATGGCAAAAAa 3'

   Energy:  -12.390000 kCal/Mol

