   Forward:	Score: 154.000000  Q:2 to 17  R:2848 to 2871 Align Len (17) (82.35%) (82.35%)

   Query:    3' agguguACC-UCAAC-GACAAUGu 5'

   Ref:      5' attagtTGGCAGTGGCCTGTTACg 3'

   Energy:  -18.070000 kCal/Mol

