   Forward:	Score: 140.000000  Q:2 to 21  R:343 to 364 Align Len (19) (68.42%) (84.21%)

   Query:    3' ugUUGGUCGAUUCUGUGACGGu 5'

   Ref:      5' ggAATGAGATAAGTTACTGCTt 3'

   Energy:  -16.540001 kCal/Mol

