   Forward:	Score: 164.000000  Q:2 to 22  R:7896 to 7920 Align Len (22) (72.73%) (77.27%)

   Query:    3' cgAAACUGUUAUGA--UAACGUGAc 5'

   Ref:      5' acTTAAACAATTCTCAGTTGCACTt 3'

   Energy:  -16.879999 kCal/Mol

