   Forward:	Score: 149.000000  Q:2 to 22  R:9007 to 9029 Align Len (20) (60.00%) (70.00%)

   Query:    3' guGUUUAAGCCUAGAUGUCCCAu 5'

   Ref:      5' ccCAGCCACTAGTGTACAGGGTg 3'

   Energy:  -16.790001 kCal/Mol

