   Forward:	Score: 140.000000  Q:2 to 9  R:1290 to 1311 Align Len (7) (100.00%) (100.00%)

   Query:    3' acuuaggaacuuauCCACACAa 5'

   Ref:      5' agctggtcgcaggcGGTGTGTg 3'

   Energy:  -13.170000 kCal/Mol

