   Forward:	Score: 157.000000  Q:2 to 19  R:3848 to 3870 Align Len (18) (77.78%) (77.78%)

   Query:    3' aaguUUUGUACUU-AACGACGAc 5'

   Ref:      5' aatcAAACAAAAAGATGCTGCTa 3'

   Energy:  -13.900000 kCal/Mol

