   Forward:	Score: 144.000000  Q:2 to 21  R:1824 to 1845 Align Len (19) (63.16%) (63.16%)

   Query:    3' guCGACCAACUUCCCCUGGUUu 5'

   Ref:      5' agGCTAGGACATTTGGACCAAc 3'

   Energy:  -15.690000 kCal/Mol

