   Forward:	Score: 140.000000  Q:2 to 9  R:86 to 107 Align Len (7) (100.00%) (100.00%)

   Query:    3' auuggcuaaaguuuACCACGAu 5'

   Ref:      5' ttttggtccctgttTGGTGCTt 3'

   Energy:  -14.180000 kCal/Mol

