   Forward:	Score: 140.000000  Q:2 to 9  R:2508 to 2529 Align Len (7) (100.00%) (100.00%)

   Query:    3' gcugguaccgacauCUGACAAu 5'

   Ref:      5' gggaggaggagaatGACTGTTt 3'

   Energy:  -13.250000 kCal/Mol

