   Forward:	Score: 165.000000  Q:2 to 19  R:1114 to 1136 Align Len (18) (83.33%) (83.33%)

   Query:    3' gaagGUCAGUUCCU-ACAAAUGu 5'

   Ref:      5' aagaCAGTCAAAAATTGTTTACa 3'

   Energy:  -19.610001 kCal/Mol

