   Forward:	Score: 147.000000  Q:2 to 20  R:796 to 816 Align Len (18) (61.11%) (72.22%)

   Query:    3' agAUGAGUCUUCCCACGGAAu 5'

   Ref:      5' atTTCTTTCGTGTGTGCCTTt 3'

   Energy:  -14.490000 kCal/Mol

