   Forward:	Score: 142.000000  Q:2 to 11  R:3821 to 3841 Align Len (9) (77.78%) (100.00%)

   Query:    3' uagacgugacaGUCGUGAAAu 5'

   Ref:      5' aatatcaaccaTGGCACTTTc 3'

   Energy:  -9.140000 kCal/Mol

