   Forward:	Score: 160.000000  Q:2 to 21  R:505 to 526 Align Len (19) (68.42%) (78.95%)

   Query:    3' uuGGUAUGUUGGAUGAUGGAGu 5'

   Ref:      5' ggCTATATTTCATTCTACCTCt 3'

   Energy:  -19.379999 kCal/Mol

