   Forward:	Score: 143.000000  Q:2 to 16  R:929 to 950 Align Len (14) (71.43%) (71.43%)

   Query:    3' cccauuaGUGACCGUUACACUa 5'

   Ref:      5' tacagccCAGTTAAAATGTGAg 3'

   Energy:  -8.670000 kCal/Mol

