   Forward:	Score: 140.000000  Q:2 to 9  R:627 to 646 Align Len (7) (100.00%) (100.00%)

   Query:    3' cguuacguugucGUUACGUg 5'

   Ref:      5' ccttccttatttCAATGCAa 3'

   Energy:  -9.060000 kCal/Mol

