   Forward:	Score: 148.000000  Q:2 to 13  R:346 to 367 Align Len (11) (81.82%) (90.91%)

   Query:    3' acguugaaucAUUACACGUUAu 5'

   Ref:      5' tcgcccaggcTGAAGTGCAATg 3'

   Energy:  -12.040000 kCal/Mol

