   Forward:	Score: 147.000000  Q:2 to 18  R:2047 to 2067 Align Len (16) (81.25%) (87.50%)

   Query:    3' uugauACGUUGGAUGAUGGAGa 5'

   Ref:      5' ctcacTACAACCT-CTGCCTCc 3'

   Energy:  -23.070000 kCal/Mol

