   Forward:	Score: 155.000000  Q:2 to 21  R:13164 to 13188 Align Len (22) (63.64%) (77.27%)

   Query:    3' auUGGCUAA---AGUUUACCACGAu 5'

   Ref:      5' ctGTTGATTTTCTCACTTGGTGCTg 3'

   Energy:  -19.590000 kCal/Mol

