   Forward:	Score: 150.000000  Q:2 to 19  R:288 to 309 Align Len (17) (64.71%) (76.47%)

   Query:    3' guugUUUUAGUGACUACGACCu 5'

   Ref:      5' ttgaGGAAGCAGAAATGCTGGa 3'

   Energy:  -16.320000 kCal/Mol

