   Forward:	Score: 141.000000  Q:2 to 17  R:680 to 698 Align Len (15) (73.33%) (73.33%)

   Query:    3' ccggcACUGACCUCUGACAAu 5'

   Ref:      5' gaggtTTACT--TGACTGTTg 3'

   Energy:  -14.840000 kCal/Mol

