   Forward:	Score: 145.000000  Q:2 to 18  R:374 to 395 Align Len (16) (68.75%) (68.75%)

   Query:    3' ucggaUAGGACCUAAUGAACUu 5'

   Ref:      5' aatgaATGGTGCTATACTTGAa 3'

   Energy:  -11.330000 kCal/Mol

