   Forward:	Score: 157.000000  Q:2 to 18  R:2913 to 2931 Align Len (16) (75.00%) (81.25%)

   Query:    3' agGAGAGUUGGGUCGAAAa 5'

   Ref:      5' ggCTATTCACACAGCTTTt 3'

   Energy:  -14.620000 kCal/Mol

