   Forward:	Score: 171.000000  Q:2 to 21  R:5078 to 5100 Align Len (20) (80.00%) (85.00%)

   Query:    3' cuUAAGUAGUG-CCGGUCGGAGa 5'

   Ref:      5' ccATTTCTCACTAGCCAGCCTCt 3'

   Energy:  -26.410000 kCal/Mol

