   Forward:	Score: 154.000000  Q:2 to 21  R:1583 to 1609 Align Len (24) (62.50%) (79.17%)

   Query:    3' ccGAGGGUUCU-UGG----AGUGGACa 5'

   Ref:      5' tgTTTCTGAGACACCTCCATCACCTGg 3'

   Energy:  -24.450001 kCal/Mol

