   Forward:	Score: 149.000000  Q:2 to 20  R:88 to 107 Align Len (18) (61.11%) (83.33%)

   Query:    3' ugUUUGGUGUCACACGACGAc 5'

   Ref:      5' tgGACTTACGG-ATGCTGCTg 3'

   Energy:  -21.250000 kCal/Mol

