   Forward:	Score: 158.000000  Q:2 to 19  R:2163 to 2184 Align Len (17) (70.59%) (82.35%)

   Query:    3' ugccAAAAUGGUCUGUCAUAAu 5'

   Ref:      5' taccTTTAGATTGACAGTATTa 3'

   Energy:  -15.120000 kCal/Mol

