   Forward:	Score: 141.000000  Q:2 to 20  R:1354 to 1374 Align Len (18) (66.67%) (66.67%)

   Query:    3' cccAUUAGUGACCGUUACACUa 5'

   Ref:      5' gttTAA-AAGTTAAAATGTGAc 3'

   Energy:  -8.710000 kCal/Mol

