   Forward:	Score: 158.000000  Q:2 to 19  R:204 to 225 Align Len (17) (76.47%) (76.47%)

   Query:    3' gcggUUAUAAAUGCACGACGAu 5'

   Ref:      5' cagaAAAATGGAGGTGCTGCTa 3'

   Energy:  -18.299999 kCal/Mol

