   Forward:	Score: 140.000000  Q:2 to 9  R:2212 to 2232 Align Len (7) (100.00%) (100.00%)

   Query:    3' uguuuggugucacACGACGAc 5'

   Ref:      5' ttttaatgttaaaTGCTGCTt 3'

   Energy:  -9.740000 kCal/Mol

