   Forward:	Score: 149.000000  Q:2 to 14  R:990 to 1011 Align Len (12) (83.33%) (83.33%)

   Query:    3' ugucaagaaGUUGACCGUCGAa 5'

   Ref:      5' tggttggacCAAGAGGCAGCTc 3'

   Energy:  -15.220000 kCal/Mol

